1610458.39
29726.56
32259.985
26885.35
27985.755
22586.525
26714.44
26815.805
23540.195
23439.13
25402.17
24808.765
28719.51
46528.21
28641.605
28989.875
29037.57
34154.045
28106.385
29574.035
23998.11
25124.325
35003.095
28218.755
27463.16
28924.11
28734.15
23770.025
24757.385
27608.145
24353.815
23568.11
23964.625
24319.11
23667.47
24656.08
24343.315
24242.625
24226.095
24657.795
24958.115
28907.47
23772.29
23737.035
23979.1
24830.87
23657.995
24610.29
23970.18
24464.32
23465.51
24551.935
24609.08
28179.43
23879.14
23951.51
23976.595
24423.82
22869.725
24167.655
24610.655
24721.775
23461.665
24664.695
28165.65
24491.145
23503.65
24646.22
24047.36
25231.71
27844.14
23246.5
26450.935
27537.595
24515.985
28721.475
24309.23
29139.64
28159.41
23766.69
25090.41
29409.77
28066.925
27881.02
23740.785
23104.66
24929.12
24359.695
23795.605
23959.655
24499.59
24128.99
23582.65
23280.74
24990.795
24890.295
27926.795
63433.075
23795.825
24745.465
