1676076
143713
144870
90540
97415
87317
84471
143510
104781
103804
88445
96263
83890
78945
77016
77615
76284
80810
101412
106574
84329
97396
112013
91897
96365
90717
85285
76784
86640
102337
84264
78726
78768
71252
88214
82329
155549
88439
82690
80144
72400
92499
81920
81341
71448
79907
83061
91713
121957
75204
75658
117321
70493
122968
94841
91845
77369
100740
75208
76126
68487
69110
68501
73388
67439
75879
84404
82902
87488
69056
114187
71223
78129
75808
66814
89429
81055
278373
104930
68193
76631
69811
75918
76857
87802
72444
67846
71137
72260
65244
74663
71416
69125
72359
66055
70840
103755
98086
80073
75490
68025
101328
99737
76416
81103
73593
76848
84154
78513
88419
79128
85028
85839
92770
80646
95128
101448
87634
90215
105547
102903
104509
111506
91223
86093
95562
115027
160228
85014
81369
73519
86530
102584
103067
72539
71818
68196
76151
109473
89934
98279
105079
104905
95723
118006
111638
90513
120166
110296
115041
83574
81330
78932
67667
81760
90764
65013
70413
81069
88865
88588
79605
91290
79934
90766
66098
111566
90655
73765
76099
79783
64003
70658
65469
69318
74729
76977
78477
66516
69242
64313
71241
61496
63572
65331
69012
68720
74165
75484
86102
77995
142295
71546
68009
65841
71927
72032
74182
206513
103365
95411
77423
162651
146586
80194
77736
95066
131598
127032
110985
135053
134373
94735
84557
109132
96333
104911
75528
66640
70000
99505
73825
72320
97342
103709
109036
75379
96003
90707
78819
64257
68315
135317
105493
62306
89689
79330
76255
72450
61054
88342
75923
74638
72309
77360
90406
69649
61506
58681
76349
78274
80194
65549
86381
63576
107214
83679
77864
82176
72165
66176
62081
68947
81870
69389
78529
74795
80918
81274
80518
76308
71155
83554
70549
133089
119975
82921
69011
60676
74166
77923
92549
94670
89363
87315
100196
77661
89788
74027
64643
101580
67902
61500
60941
62177
57660
59683
61478
59648
60249
96665
94834
119483
107643
117770
115794
80182
75956
78025
91921
104276
195014
102963
90741
93522
93826
128436
104815
87069
71148
73442
88606
71539
76268
74099
70879
72891
74919
68655
72479
104279
116088
81665
80651
84239
78099
85087
70793
74783
77960
77911
81768
72205
84878
74554
72312
85483
72638
76062
65831
66621
62167
77537
63101
63135
59627
65438
91347
68257
73479
74232
66102
71201
89417
58827
57814
67092
69778
70183
102250
77816
80558
90264
82012
74365
72520
107882
81409
80977
72132
74072
70261
69188
151290
75324
72405
88209
67586
56411
74954
68643
80004
74683
80674
79340
78194
97688
73248
91427
94946
113269
78784
102643
76983
79465
87323
73348
66917
75981
76746
121033
73695
65788
64133
64890
70627
72417
65536
70438
64425
66158
66859
78116
76783
69968
67074
71250
66177
71206
68650
93516
68638
66287
67365
70038
69097
61794
69080
77595
67818
69034
67457
61902
66340
63998
68812
65286
66024
97553
85394
71480
67629
69880
68402
67716
67375
66817
65929
77537
58425
79169
71466
64778
69142
66195
66088
63905
66654
73188
111290
80929
81099
76398
70111
72243
64714
67926
68335
67635
65977
80568
69041
65056
67198
89605
88500
66124
97397
78102
66397
68988
70273
64975
66614
65949
64411
68840
67602
111588
67055
67505
68689
65079
68809
71214
69363
66298
83500
66379
67165
69025
171158
70099
86177
77836
81842
71124
80077
64289
67816
108186
65082
63812
74403
60196
70988
71916
65443
72538
65418
85108
74016
70525
97185
81651
76125
69639
93977
68532
69026
100583
103380
174582
60773
75286
54029
81860
89717
119600
69562
64035
61987
64882
61901
72735
67618
62311
81586
60898
84346
71844
81247
62590
65576
57562
57758
59562
59392
62611
64179
55459
94510
61836
59820
58085
64750
68075
57837
56238
59806
57295
58493
60283
59004
59806
64800
52967
58617
99105
106386
59314
47577
57964
89746
113763
58924
57240
55820
65013
49037
52906
51224
53379
51453
69929
75294
53954
50837
61592
63612
52220
61095
54607
49585
133305
82545
86582
76894
77539
79699
79982
108211
82744
104717
84660
86316
106486
91089
118604
88868
132172
88036
96880
66035
117648
86814
124809
96848
102992
129964
131121
60005
127172
50998
47446
55418
56770
44951
56964
44254
49328
48055
48597
43484
48923
40207
42648
40847
41944
54263
47608
55107
113708
52508
53796
48705
50740
49839
59778
71841
70914
65147
49693
62836
42223
46573
49493
66838
50484
49236
68715
73979
48457
45129
57344
61589
49574
50064
53720
51301
43453
45192
47461
49394
49385
50673
46042
45974
44405
44043
42749
46100
43780
44258
44438
53466
56608
56042
57458
65747
72714
97057
67296
69605
65638
86374
62151
64514
85844
84063
64214
67505
57980
63171
70221
63857
47019
51029
48512
54836
73638
46431
49458
46467
46658
63510
91404
59238
53108
43080
41541
44069
40505
52203
41457
42801
45989
44486
47858
46948
40402
68026
49349
43691
59357
40598
51931
43474
59096
44096
96657
58747
59855
84132
68650
65842
88735
106318
110372
100480
49263
61013
58941
62299
77230
57608
57998
74506
58161
70197
58227
84609
42915
94996
57568
64523
53087
64609
42373
54328
100453
42487
53900
50488
49575
62652
90166
45000
59109
56497
61248
54066
55115
56893
54829
39590
41350
53158
51942
51673
57725
51408
54345
40948
38003
43808
52768
43225
50472
73689
38715
42402
34622
46276
54409
39234
40272
41871
46207
52079
50903
58303
54309
59740
256286
58403
58338
46642
39700
51795
47490
38650
47258
50085
43770
57479
55309
45313
45516
45359
52735
56905
48516
53044
68528
53862
55394
54194
54991
56484
61779
58184
48455
54324
48631
58568
89260
47740
53615
37385
43047
44912
46834
52370
55783
38954
57420
55222
103395
49199
58046
48570
53540
56022
40583
54744
53611
38708
40265
52925
58525
51787
45488
44434
72292
124997
58409
78585
55938
30883
41061
40546
31533
41673
32020
49309
30026
33671
44401
31045
34005
32034
31790
38483
37012
33768
34308
39923
44224
33503
30755
44979
39166
30608
36701
32503
34541
45078
72215
35125
41330
35354
63155
37982
33578
35441
36750
38427
36427
34687
38430
55364
66807
31626
31668
31792
32719
28706
34576
37822
40783
40455
46950
32211
37300
33598
40451
35731
31909
33799
41912
37071
32019
37000
37604
33875
43964
37370
34831
34259
69292
37484
44437
40253
40286
187003
49777
35017
47841
56536
45573
44117
71729
33030
43797
39831
38100
45625
37073
35568
45172
35576
44860
45032
38315
36917
47313
36779
37389
49841
