61676
76663
49289
121575
45401
34598
21360
33822
27386
25622
25819
34112
26669
31271
26722
30602
21666
22924
23345
19076
20246
20782
20129
20480
18713
18880
18987
29372
20030
18831
21038
15846
22948
16502
16356
24987
26365
19020
18228
20444
18951
17667
17435
19367
14803
20549
14945
15421
47040
15754
14682
18865
20684
1285975
27398
17878
18924
16979
16804
17238
20901
26103
21046
21720
18648
18010
16472
16456
15949
16022
19341
15787
16001
15800
15684
21188
15629
16322
18997
19125
25562
19601
22849
18382
25493
18655
26539
23670
19712
22090
