3476231
2779735
2777451
2509826
2993558
2381698
4439290
2561047
2356818
2581319
2112283
2139595
1894986
2123458
2476169
1859783
1775021
1786727
1931611
2035582
1990854
2023153
1965682
2210439
1886579
1896602
1913150
2187120
1654214
1942135
1761082
1760501
1713220
1485721
1847611
2169503
1851543
2028206
2029104
1966111
1752119
1725576
1631411
1543889
1578788
1479033
1725363
2010182
1536589
1531895
1548209
1689280
1457262
1603314
2241626
1967378
1871612
1728810
1759397
1654234
1703415
1524927
1602137
1578098
1458725
1447729
1717892
1585181
1730923
1377546
1486188
1487911
1580983
1684625
1600678
1594048
1637164
3651313
1537635
1448621
1603700
1618389
1551050
1464669
1799155
1594531
1444329
1341271
1419408
1366601
1422267
1672641
1426142
1361612
2934680
1404684
1600446
1763357
5780415
1781626
1623722
1464170
1588112
2279728
1885542
5790893
1535388
1668588
1453078
1398431
2085045
1536292
1621898
1697766
1800274
1855393
1947653
2303548
1717994
1685900
1974156
1782641
1624553
1844500
1624702
1779237
1994896
2027934
1797795
1352336
1639648
1401308
1561077
1750306
1565677
1444124
1452642
1319204
1684155
1783754
1921942
1870183
1919929
1747599
1719925
1721992
1515143
1477962
1650150
2264814
1492402
1455875
1421976
1317779
1316615
1779233
1381007
1576102
1411243
1528087
1553337
1347190
1485547
1269410
1323847
1409143
1264630
1451902
1341235
1644530
1347543
1172551
1227553
1221997
1162727
1198348
1252025
1440981
1294657
1384083
1494933
1283231
1336563
1257087
1221234
1227568
1239854
1233267
1386467
1507613
1581908
1530395
1390000
1333572
1345080
1294248
1330124
1284440
1408768
1584863
1413066
1406881
1603809
1433711
1494849
1635763
1600463
1804529
2350030
2081738
1723143
1823680
1880321
1569128
1575219
1633139
1530244
1461195
1150954
1282641
1455724
1322210
1180104
1221426
1642176
1531007
1529590
1306763
1757199
1448556
1337574
1129492
1294396
1284207
1368472
1218254
1363523
1351078
1484691
1184872
1187782
1386273
1173831
1204316
1496604
1453903
1323395
1220905
1198739
1275861
1173685
1139480
1325503
1316989
1584386
1216565
1259790
1347263
1620385
1219813
1357451
1220881
1292234
1293273
1330314
1381926
1349788
1477033
1363403
1223043
1473701
1289492
1341223
1300436
1748614
1546102
1603292
1338846
1261757
1266427
1354583
1677430
1556732
1431561
1554327
1396454
1325292
1291744
1329610
1310223
1238809
1284320
1215336
1162755
1200580
1126563
1157106
1192430
1191179
1173145
1142332
1564737
1838891
1994925
1785847
1962940
1481546
1291224
1302840
1797810
1669293
1637493
1632064
1647033
1511676
1712637
1518950
4582820
3172762
1711843
1285696
1452768
1422982
1264443
1355309
1117993
1172982
1187536
1529526
1317015
1687074
1691455
1698895
1611148
1542733
1531566
1461066
1276752
1182814
1106661
1256955
1351180
1263582
1338582
1160217
1169799
1152710
1233020
1152615
1250003
1148644
1314555
1180023
1102942
1198173
1149250
1123569
1160166
1514002
1319966
1358693
1195736
1197382
1234607
1128657
1199497
1207394
1285661
1336980
1417730
1560120
1439148
1492547
1619415
1481459
1572273
1209796
1139809
1357980
1752983
1578113
1457456
1446941
1515201
1195967
1407697
1435492
1182441
1146219
1223930
1125839
1141309
1143200
1264171
1272710
1284639
1205340
1279281
1248291
1368264
1235373
1405217
1406183
1305973
1205319
1091638
1295971
1303316
1349759
1345237
1292721
1354771
1409093
1161757
1245978
1158521
1297649
1219393
1264287
1293316
1239583
1257234
1124362
1324986
1207238
1227682
1330281
1352678
1314842
1322157
1235562
1219328
1212794
1270999
1333968
1342919
1168427
1427431
1255792
1541146
1288572
1302607
1446273
1225720
1161449
1271559
1255747
1348322
1231684
1239250
1182889
1205482
1205175
1345664
1305681
1334622
1218310
1269515
1373409
1506317
1452270
1450740
1413752
1535079
1356322
1401512
1315931
1213207
1255928
1253397
4704987
1693336
1335805
1418510
1301286
1271866
1256136
1266940
1179582
1237082
1196258
1361369
1188844
1332971
1333461
1388061
1347619
1287723
1456214
1337583
1266302
1324701
1270613
1232220
1144339
1270956
1266898
1394504
1302339
1385676
1287573
1317164
1211150
1428315
1399875
1262358
1299664
1348643
1514559
1480346
2858551
1362145
1547174
1298043
1265702
1265437
1281466
1414282
2076335
1439816
1449464
1574304
1616329
1577036
1954615
1262093
1225295
1640011
1182278
1245232
1173548
1343762
1431215
1511118
1767277
1886401
1503372
1835342
1539998
2208503
1517869
1396652
1523808
1522651
1188315
1124033
1130324
1505504
1487932
2180511
1423743
1495358
1215960
1169092
1073592
1366434
1188963
1051307
1257134
1190578
1302902
1262976
1306883
1226609
1148291
1231471
1052725
1199417
1096234
1079636
1060367
1130073
1093821
1123954
1053426
1086584
1228181
1110540
1047899
1037766
1119638
1248483
1232659
1209354
1257865
1276879
1194144
1243278
1142666
1104235
1105638
999761
1056582
1050464
1675575
1040720
1068074
1006276
985302
991286
1032809
1077675
988780
1019727
1012592
1030615
1032225
1013210
1120938
1044931
1002934
983326
1050265
991942
1071890
1268258
1389629
1501842
1547889
1125033
1263649
1276994
1597938
1529409
1578790
1619399
1416630
1586020
1735954
1580829
1687457
1949399
1464789
1721257
1769869
1289970
1294208
1325365
1830968
1804584
1919556
1799598
1150409
1320251
1109585
1119463
1019575
1140772
992088
1029864
1090984
1034803
1133574
1057184
1064102
1052062
1020527
1064888
1462469
1039659
1288867
1218848
1085753
1218602
1110293
1000049
1165394
1040283
971058
1199905
1221806
1354204
1260481
1036575
1008962
963494
1077149
1008766
1051056
1201396
1151481
1006405
967517
980180
996560
1212140
1237610
973558
1093069
977582
1077902
1082807
1071333
1102616
984146
954284
1008618
984208
973726
1091168
935642
1002040
1001945
1058081
991437
1072721
1137458
1181353
1109138
1062017
1296660
1478843
1284217
1435456
1344728
1344701
1373711
1336338
1603598
1534283
1756344
1226658
1130824
1412785
1099051
1146577
1249985
993770
1015198
930092
936204
1207627
1077128
1032855
1089836
1092043
1419444
1630308
1020857
980687
945250
912685
929082
997859
1158649
975347
921307
967988
955250
1002782
1029318
976684
1156340
979192
953126
1009983
1027508
1103476
915051
1202209
1070240
1286676
1463072
1345408
1168758
1668503
1523298
1648496
1533689
1341305
1200631
1644849
1471353
1444016
1486349
1136111
1167620
1169685
1197428
1181225
1270714
1243853
1202112
1677932
1307659
1159891
1493291
1241781
1148477
1360784
1195133
1191563
1099990
1141618
1298768
1139324
1348231
1219066
1175365
1288552
1486456
1256384
1196945
1515079
1206343
1095469
1391253
1079919
1078907
1070940
1051022
1068912
1059994
1073770
1101165
1093441
1087339
1060286
1025436
1078655
1057342
1065537
1190337
1032836
1091559
1105116
1021800
1128313
1180877
1088300
1130918
1446127
4235914
1313580
1265221
2007940
1389790
1213190
1041839
1242960
1107457
1045962
1196310
1119385
1066729
1025119
1103325
1207849
1726917
1161223
1288582
1181281
1112475
1095962
1085624
1194316
1210310
1196638
1286890
1227772
1536764
1260557
1411854
1135563
1141425
1270086
1085726
1267935
1313964
1177729
1515678
1168720
1116010
1255034
1095748
1120974
1242972
1188998
4213895
2050562
1217890
1238204
1366562
1195805
1054827
1143531
1128983
1226855
1078240
1102023
1814438
1484744
1251094
1167752
2488571
1399613
1306938
1138579
1269260
1132612
948904
1136082
1014350
992421
1113524
973103
1082743
1044429
1091989
1249357
1285509
1038368
996021
1141174
1095276
1097408
1018728
1127648
1328354
1055056
1001550
1028234
1099686
1047103
1039262
1073817
1166236
1067654
1350316
1161445
1126953
1114984
1174938
1161841
1278419
1069969
1007286
1048268
1073641
1137473
1073443
1011677
1044480
1160291
987433
983448
968798
1018701
935579
1264905
1131019
1113783
1003280
990521
1062334
1031945
1223267
1640421
1154511
1022774
920792
1075340
1007236
1361732
1110945
1042064
1064610
1072069
1042370
1271955
1162314
1305987
1190457
1086811
1116749
1130265
3052448
1211372
1194264
1343230
1330078
1585692
1368797
1195310
1230867
1148997
1322293
1210620
1181357
1281763
1092925
1130345
1288422
1151573
1126047
1511769
1077970
1144246
1406401
1282656
