7500921
1682084
5261087
2138539
4177499
2309663
1627024
2192920
3107094
2201374
2756976
2957330
2894116
2779755
2693468
3036579
2415444
2420089
3222770
2982044
4057860
3711060
3309304
2598958
2251011
2406339
2224458
2533312
2788148
3071753
3493590
1757823
2625633
3482571
2682146
3058568
3093662
2871585
3072592
2826601
3261996
2494822
2474138
2609377
2700795
3705142
3266782
2288462
3499479
3427986
2745837
2600519
3617415
2697197
2866227
3194479
3156333
3657219
3401927
3193193
2486258
2910391
3443454
2836842
3568913
2908072
3532049
3285315
3329530
2866483
2788273
2856704
3425619
2896286
3480365
2719636
3642069
871184
3211260
2929730
2803857
3674425
3566433
2882878
5066009
3119709
2884345
2934141
2975866
3041091
2894935
2601713
2771405
2988607
565123
3883729
3529192
3602229
919472
2733371
2870532
3671226
2928945
2866766
3508704
644260
3261178
2804674
3641521
3153515
2998633
33971659
2766988
4716918
3300600
3420133
3276638
2551083
2807504
3703888
3018780
3372049
3111353
2617318
2860063
3587708
2923914
2606239
5932852
3049361
3315949
3191953
3227907
2922302
2478248
2726031
5566136
2827762
2592126
2361237
2550463
3528840
2988964
3313778
3002436
3311931
4063219
3713838
3928759
2764642
3860114
3633093
2862350
2999846
3165632
2580332
2956742
3003831
3954767
2974534
3259434
3364849
3861885
3899223
3196888
2976378
3371081
3218625
3138566
3748186
3929602
3352605
3153240
3245768
3314623
3058333
3380576
3049150
3974745
2970038
2901442
3163603
3160157
3256849
3154774
3287080
3208609
3967774
3019730
3085399
3766721
2961326
3888207
3408097
4118243
4223220
3939985
2977988
3215084
3380524
3113614
3022160
3769849
3565148
2969056
2689658
2784622
2691615
2723242
2948281
3544404
3163579
3284810
2760703
2677648
2746809
3751042
2876461
3244934
3191907
2989467
3091809
3992737
3448384
3970349
3525359
2779500
3229202
3655681
4027602
3490156
3511180
4556052
3861326
3602595
3159747
3199857
4094066
3633937
3244390
3786699
3425021
3143209
3281100
3097459
3867674
2990557
3231331
3325267
3361786
3825439
3400767
3042503
3485479
3412244
3407059
4124062
3000957
2659912
3357780
2999994
3069675
3405565
3963339
3153952
2938218
3158901
3709529
2925372
3309206
3898244
4065397
3015337
3291365
3547105
3890569
3369966
3083897
3138531
3148843
3035704
2797523
3796991
3835222
2723706
3044458
3088410
2975532
3038010
3234082
3302959
3845914
3149652
3273517
3427674
3241776
3365822
3138491
3303126
3372006
3148998
3802589
4495403
3236913
3523076
3062851
2693373
3077924
3109764
2540295
3863152
3540191
3543789
3645422
3664931
3769812
3892239
818129
1898017
2682936
3918536
3115236
3856424
3228326
3092835
3284772
3274256
3154306
3066648
3030378
3597764
3530345
3483190
3870240
3766105
3629590
2983283
2966889
3448493
3281435
3006748
3125158
3384960
4156775
3101039
3471375
4458112
3991474
3005755
3215503
3409920
2886681
3302472
3335129
3318791
3235559
3376115
3383527
3759322
4026835
3901783
3152648
3359358
3414361
3805026
3337667
3331263
3031878
3413592
3987858
3657468
2875865
3046472
3610672
3784542
3695910
3352999
3135784
3186523
3572347
3886771
3707482
3921099
3792020
4053266
3028573
3073263
4091812
3228071
3623124
4238931
3216234
4021028
3257631
3163087
3029478
3203489
3262017
3216956
3304191
3917803
4088180
3884871
4051494
4046851
3335599
3405181
3934244
4030107
3987185
2960431
3333534
3669972
3237873
3221026
3607709
3795560
3342461
4068822
3096309
3174994
3298253
3093629
3179212
3316990
3050918
3425836
3794666
3365386
4041857
3179888
3288317
4191545
3068920
3110756
4075325
4146041
6230451
4164395
3804605
3949351
3148120
2989243
3345857
3183802
3078107
3453961
3824655
3274674
3208177
3276088
3118486
3349928
3081527
3159080
3168510
3298638
3169509
2965611
2959523
3115190
3754878
3090073
3091007
4164432
4005544
4107377
3333872
4130730
3106138
684192
2713878
3179559
3785500
3348918
3966591
3579340
4132438
4089995
3323571
3463993
4049552
3269953
3128365
3137823
3073260
4097799
3267948
3071045
3754932
3246537
3228947
3797583
3344241
3514660
3236964
3003615
3250921
3221645
4105804
3885837
3294505
3213857
3156320
3168774
4060979
3383043
3936686
3708273
4036435
2373732
3416003
3328055
3374783
3939228
3313237
3169642
3150924
2925012
3112345
4203220
3527049
3951503
3748993
3211331
3011449
3485221
3579857
3399359
4104817
3355027
3710964
3191952
4401720
2574987
3264256
3931901
3334615
3306850
3049210
3807010
3499631
3483289
3005226
4473386
3705596
3816717
3680596
4036744
2867641
3789039
3034607
3235220
4162389
3327823
3167497
3823390
3430275
4172336
3537671
4108396
4135617
4131465
4082348
3152940
3396857
3392046
4076924
3592770
3286291
3431290
3547658
4147102
3435386
3445417
3632213
3250259
3212171
3337745
3653715
3240281
3165193
3421594
3248334
3110146
3543828
3923581
10424686
3597233
3440533
3424495
3264091
3555600
3692033
2822599
4020985
3635087
3416092
3565999
3505603
3365997
3540099
3631398
3406091
3427122
3883711
3234246
3587937
3292974
3617604
3270071
3957252
4161933
3797893
3597756
3620451
3974822
3970302
3904138
3869833
3457035
4142700
3846339
3703542
3342385
3346791
3819129
3577121
3391814
3637207
2828014
3226174
3666993
2728528
2851593
3713375
4041582
3924016
3646171
3673142
2746404
3582310
3752714
3553704
3471387
3952068
3542789
3408885
3584861
3653570
3209989
3673006
3281917
3603790
3284571
3410695
3631402
3490977
3195012
3336115
3357650
3450839
3256375
3291512
3386521
3543156
3200098
3610833
3577783
3403005
3407887
4051587
4055849
3636691
3503357
3711743
4152473
3751861
3446559
3369058
3243927
3535930
3548778
3655921
4493372
4132957
3215089
3617086
3426130
3484235
3473002
3509347
3406372
3572500
3352524
3649561
3745362
3566631
4432494
3398949
3666675
3792948
4305308
3427626
3590144
3459796
3357536
3329626
3476457
3334570
3349709
3051166
4430554
3256614
3307706
4046864
3910563
4144879
3706127
3747370
3299833
3297775
3378113
3840138
3465711
3348687
2964507
3501555
3499436
3765075
3702975
3124783
3609796
3545634
3407992
3783401
3931705
3393444
3566020
3398843
3843785
3571013
3716778
3480689
3617976
3272020
3744355
3845613
3361309
3613870
3443756
3805100
4163469
3677191
3691512
3492616
3707746
4449993
3601301
3155134
3745742
3797823
2985424
3240719
4101222
2810072
2830025
3768987
3816311
4039961
3080111
3044743
3887938
3171662
3906684
3377977
3228892
3415243
4069265
3377469
3109607
3616715
3508845
4048176
4026744
3935225
3003275
3324061
3277441
3126125
3211556
3089352
3682259
3273515
3819936
3603961
3932171
3303612
3257990
3055955
3584707
3769672
3452092
3658017
3553191
3435927
3026593
3520812
3236727
3549765
3468532
3184717
3699663
3564434
3409370
3483415
3267694
3583274
3360624
3794628
4265083
3648849
3344191
3414865
9547418
3287352
3588303
3396009
3314536
3352778
3517318
4140047
1063660
3055799
3682534
3369754
4110720
4031316
3638378
3245546
4443773
3181531
3518952
3498651
3401702
3593561
3230416
3217599
2760383
3391825
3187804
3477927
3313245
4332852
3626770
3884892
3396201
4274332
3108596
3253330
2851175
4407087
3785891
3247773
3088865
3468071
3455728
4245634
2893336
3154640
3186827
3204091
3436636
3374684
3311004
3157719
3431477
4286771
1191570
2589059
3500152
3925560
3251588
4186338
3165538
3577408
3207493
3200933
3424635
3323227
2642264
3005102
3003873
3400718
1923709
3757203
3099979
3357839
3552059
3209229
3703993
3430560
3433720
3751445
3430089
3666396
3423096
3532415
3569181
3228251
3311916
3365677
3494716
3604839
3310441
3472406
3418877
3438807
3325053
3235190
3660538
3602483
3526885
3304173
3690518
3467145
3263996
3782651
3945546
3361065
3478039
3301212
3229791
3550477
3056147
3536842
3581322
3567072
3325531
3528323
3496925
3660951
3296341
3499375
3520334
4069826
4323761
3544595
3724247
3187704
3387060
3494158
3610304
3569538
3418864
3599681
3469716
2817184
3385925
3530248
3748026
3366115
3386429
3405059
3485139
3335012
3691537
4262165
3451449
3506858
3374111
3906306
3447288
3311961
3579150
4814391
1951964
3041829
3442923
3522631
3722552
2921963
3241495
4071232
3275984
3344661
3230536
4197484
3189348
3283398
3589836
3258563
3458099
4297980
4266484
3058843
4380549
3346799
3126579
3143847
