3119388
1320732
1742000
938309
671539
679191
596027
454956
448708
608502
1901753
589727
457198
582013
511779
440316
527806
531108
512052
397045
403278
481002
488778
471154
473639
451094
514570
551516
461541
428325
371879
409011
444368
490398
473174
402444
452772
518939
487955
417995
468849
498144
623814
445817
501919
562949
423704
462267
449617
401421
569078
536590
466600
535251
571568
364737
496819
501574
423453
393960
350489
535254
479703
467121
568244
478878
465365
519113
475023
452929
550645
523347
417693
492281
553140
508066
468155
417065
333108
510100
381789
342309
421265
416207
460616
423681
471230
455149
461476
495046
