1,2945054.109166667
2,1639901.5841666665
3,1261723.0715488216
4,1034495.5391666666
5,950822.2725
6,848374.8637152779
7,872611.943027211
8,829497.5199652776
9,750021.4393939395
10,771048.6391666668
11,750430.9057239058
12,763277.8663194444
13,707951.2994505494
14,717227.9940476189
15,699434.65
16,742717.5616319444
17,711211.305882353
18,784622.6648148148
19,688126.795614035
20,682632.4083333333
21,689285.1349206349
22,688388.3778409091
23,684983.6856884058
24,649235.3645833334
25,650154.0641666666
26,665429.9017094016
27,643678.3456790124
28,666613.328373016
29,648291.2614942528
30,619964.3657407408
31,610154.5940860215
32,596240.076388889
33,632176.8888888889
34,635418.7426470588
35,711744.8547619047
36,637042.5625000001
37,639796.5371621621
38,603580.0986842104
39,681173.1164529915
40,681849.275
41,602646.799796748
42,662707.3978174604
43,614198.7529069767
44,613201.2329545454
45,581899.5388888888
46,608430.6748188405
47,605127.0070921985
48,594128.2586805556
49,564317.7295918367
50,628754.6858333333
60,709576.9611111112
70,584113.3976190476
80,576045.24375
90,558331.8657407408
150,553517.7666666667
200,553517.7666666667
250,553517.7666666667
300,553517.7666666667
350,553517.7666666667
400,553517.7666666667
450,553517.7666666667
500,553517.7666666667
550,553517.7666666667
600,553517.7666666667
650,553517.7666666667
700,553517.7666666667
750,553517.7666666667
800,553517.7666666667
850,553517.7666666667
900,553517.7666666667
950,553517.7666666667
