1,42715.49300833333
2,30505.179141666657
3,27100.636557239053
4,24756.23983333333
5,23758.19725
6,23553.890368923614
7,22786.539294217688
8,22704.430460069445
9,21605.419739057237
10,21455.55244583333
11,21359.409558080806
12,22126.656293402775
13,22776.011877289377
14,21560.319349489797
15,22607.898550925926
16,21734.586315104167
17,23583.35198529412
18,22869.134805555557
19,21521.025557017543
20,20412.73815833333
21,23134.763298611113
22,22257.74225852273
23,21839.392400362318
24,20520.18527777778
25,19926.541775
26,24457.80216880342
27,23521.154609053498
28,22890.793189484128
29,22026.54709291188
30,21381.411768518516
31,20543.558033154124
32,20152.043485243055
33,19882.452369528623
34,27121.263541666664
35,26806.373452380954
36,25901.283692129626
37,25321.309200450454
38,24395.080762061403
39,24363.30153846154
40,23808.432260416666
41,22853.48691565041
42,22997.951433531747
43,22553.079854651165
44,21966.043929924243
45,20934.177990740744
46,20836.71436594203
47,20413.770141843972
48,20025.920629340275
49,19517.254175170066
50,19522.994962499997
60,30415.045131944444
70,25582.087428571424
80,22983.779739583333
90,20626.365037037034
150,20465.74011111111
200,20465.74011111111
250,20465.74011111111
300,20465.74011111111
350,20465.74011111111
400,20465.74011111111
450,20465.74011111111
500,20465.74011111111
550,20465.74011111111
600,20465.74011111111
650,20465.74011111111
700,20465.74011111111
750,20465.74011111111
800,20465.74011111111
850,20465.74011111111
900,20465.74011111111
950,20465.74011111111
