1,2020698.4158333333
2,2178657.7466666666
3,2434969.6565656564
4,2569473.47
5,2720163.1708333334
6,2966729.3854166665
7,2864442.6845238092
8,3001405.3055555555
9,3089419.742424242
10,3140416.5833333326
11,3217213.5370370373
12,3294573.375
13,3405474.2380952383
14,3626644.0952380947
15,3348615.2361111105
16,3398336.9722222225
17,3408937.8833333333
18,3653846.0
19,3753217.4
20,3580211.3000000003
21,3890167.7916666665
22,3936938.7708333335
23,3578560.2708333335
24,3981843.7083333335
25,4032864.5625
26,4465883.833333333
27,4114895.3333333335
28,4385894.38888889
29,4080486.3888888895
30,4426838.416666667
31,3976828.0555555555
32,4427471.833333333
33,4552593.166666666
34,5483747.416666667
35,5285268.708333333
36,5583570.166666667
37,5405850.166666667
38,5113371.458333333
39,5514736.333333333
40,5377851.0
41,5124579.958333333
42,5200880.25
43,5536797.625
44,5338119.666666667
45,4923993.0
46,5274003.041666667
47,5235832.583333333
48,5361763.041666667
49,5102580.916666667
50,5330072.666666667
60,7633309.166666667
70,5746095.916666667
80,7791370.25
90,7361271.916666667
150,8091028.0
200,8091028.0
250,8091028.0
300,8091028.0
350,8091028.0
400,8091028.0
450,8091028.0
500,8091028.0
550,8091028.0
600,8091028.0
650,8091028.0
700,8091028.0
750,8091028.0
800,8091028.0
850,8091028.0
900,8091028.0
950,8091028.0
