1,95546.045
2,97012.995
3,102766.3484848485
4,110847.65000000001
5,113944.95833333333
6,117702.890625
7,120592.70833333333
8,131384.65277777778
9,131630.5606060606
10,209155.14999999994
11,143090.57407407407
12,160276.73958333334
13,142099.11904761905
14,155080.57142857145
15,148382.41666666666
16,162151.3333333333
17,157226.03333333335
18,178318.6
19,166450.7666666667
20,160314.06666666668
21,169276.25
22,178000.77083333334
23,179178.0
24,182962.5
25,179198.33333333334
26,204380.94444444447
27,196279.52777777775
28,202194.63888888888
29,191779.61111111112
30,207713.77777777778
31,201857.8611111111
32,201304.11111111112
33,205246.8888888889
34,209161.75
35,203118.875
36,215831.125
37,215395.625
38,211679.16666666666
39,234442.41666666666
40,229320.25
41,231470.16666666666
42,232081.91666666666
43,237823.45833333334
44,251656.875
45,257697.95833333334
46,261903.33333333334
47,252348.875
48,267257.875
49,263335.3333333333
50,284391.1666666667
60,327137.0
70,335471.75
80,391789.0
90,445043.0
150,440643.0
200,440643.0
250,440643.0
300,440643.0
350,440643.0
400,440643.0
450,440643.0
500,440643.0
550,440643.0
600,440643.0
650,440643.0
700,440643.0
750,440643.0
800,440643.0
850,440643.0
900,440643.0
950,440643.0
