1,27070.085000000003
2,29515.07833333334
3,29714.35185185185
4,27974.24666666667
5,39612.443333333336
6,27295.392361111113
7,28389.752551020403
8,27292.200520833332
9,26693.38888888889
10,40116.42666666667
11,38932.548821548815
12,25914.512152777777
13,26299.66117216117
14,27819.51785714286
15,27568.13703703704
16,32989.26388888889
17,26315.984313725483
18,28068.33981481481
19,26475.32456140351
20,26065.83166666667
21,26538.064484126982
22,26547.104166666668
23,25367.831521739132
24,25757.043402777777
25,26859.362500000003
26,27305.29166666667
27,25961.099794238686
28,27097.265873015876
29,25666.582375478927
30,25578.478703703702
31,24403.80913978494
32,24677.06163194444
33,26442.272727272724
34,26634.243872549017
35,26651.770238095236
36,26514.883101851854
37,26663.86599099099
38,24746.278508771928
39,27828.590811965812
40,27051.890625
41,25091.024390243896
42,25082.230158730163
43,25910.912790697676
44,25507.548295454544
45,24196.93611111111
46,25622.40760869565
47,26552.843085106386
48,25344.901041666668
49,24255.26445578231
50,27095.750000000004
60,52158.44444444444
70,41261.43214285714
80,40151.87500000001
90,37811.03333333333
150,37921.055555555555
200,37921.055555555555
250,37921.055555555555
300,37921.055555555555
350,37921.055555555555
400,37921.055555555555
450,37921.055555555555
500,37921.055555555555
550,37921.055555555555
600,37921.055555555555
650,37921.055555555555
700,37921.055555555555
750,37921.055555555555
800,37921.055555555555
850,37921.055555555555
900,37921.055555555555
950,37921.055555555555
