557
524
502
479
452
431
400
381
363
343
322
301
280
247
227
202
183
160
140
121
102
83
58
37
17
2322
2301
2282
2256
2234
2214
2194
2173
2154
2135
2116
2096
2078
2058
2038
2018
1998
1978
1959
1938
1916
1893
1870
1850
1831
1811
1784
1765
1743
1722
1703
1682
1662
1640
1618
1597
1578
1556
1533
1506
1480
1452
1433
1403
1385
1366
1345
1323
1304
1283
1264
1242
1214
1190
1169
1145
1118
1086
1065
1041
521
492
467
443
417
391
371
353
335
315
295
276
254
233
213
193
175
150
129
108
89
69
49
30
10
4270
4250
4229
4203
4183
4163
4143
4120
4101
4081
4060
4042
4021
3991
3969
3948
3930
3910
3888
3866
3835
3813
3795
3775
3753
3735
3715
3691
3667
3649
3628
3609
3590
3569
3546
3525
3509
3483
3463
3444
3426
3407
3386
3359
3339
3316
3296
3277
3257
3234
3208
3188
3168
3148
3127
3107
3086
3066
3046
3029
601
578
553
526
502
475
446
423
397
365
343
312
288
259
238
220
192
164
143
121
96
73
55
29
6
4350
4305
4281
4255
4231
4210
4192
4164
4140
4118
4094
4078
4051
4030
4007
3983
3965
3949
3921
3895
3865
3845
3823
3795
3767
3744
3711
3682
3662
3633
3605
3574
3552
3519
3500
3478
3454
3431
3410
3385
3361
3335
3307
3282
3261
3230
3203
3178
3153
3129
3101
3077
3052
3025
3001
2970
2944
2926
2898
2878
551
533
509
489
462
442
421
395
373
353
329
309
288
256
236
214
195
176
155
135
117
98
78
51
32
11
4246
4228
4209
4187
4167
4147
4125
4105
4085
4065
4044
4023
4002
3982
3960
3939
3916
3896
3876
3855
3835
3814
3794
3762
3740
3720
3701
3679
3658
3637
3618
3596
3577
3556
3529
3509
3489
3470
3446
3426
3405
3383
3356
3336
3316
3295
3274
3254
3234
3214
3189
3169
3146
3124
3104
3082
3060
3039
3021
2997
573
546
520
493
466
448
429
409
389
367
350
331
310
281
262
242
222
200
180
159
140
118
99
80
59
38
18
4317
4296
4276
4258
4233
4212
4184
4165
4137
4118
4098
4078
4059
4037
4011
3989
3970
3949
3928
3908
3886
3863
3839
3820
3792
3773
3751
3732
3711
3689
3668
3650
3631
3610
3585
3565
3544
3524
3499
3480
3459
3428
3408
3388
3366
3345
3326
3305
3279
3253
3225
3197
3177
3149
3130
3105
3086
3060
3036
3014
589
565
547
528
500
477
455
433
409
388
366
348
325
308
288
265
244
220
189
168
147
127
110
90
71
42
21
4641
4620
4590
4568
4543
4513
4487
4458
4435
4408
4382
4355
4333
4309
4289
4270
4251
4230
4209
4187
4164
4144
4121
4093
4068
4041
4020
3998
3969
3942
3920
3895
3876
3850
3815
3795
3771
3745
3717
3695
3667
3645
3626
3607
3584
3563
3544
3518
3500
3481
3458
3442
3417
3396
3377
3356
3334
3320
3297
3276
555
525
497
472
451
417
395
371
351
330
307
286
261
244
223
202
180
160
138
117
98
79
58
27
4365
4340
4319
4295
4273
4252
4231
4202
4183
4163
4145
4125
4104
4076
4050
4022
3793
3773
3731
3711
3692
3673
3652
3631
3606
3579
3561
3531
3509
3483
3455
3433
3413
3393
3373
3353
3329
3308
3286
3266
3248
3222
3201
3182
3158
3135
3115
3096
3074
3056
3037
3017
2986
2964
2939
2916
2893
2873
2846
2824
601
579
558
532
508
489
468
443
425
403
385
364
343
324
292
272
251
233
213
192
164
146
124
103
78
43
17
4477
4435
4416
4396
4375
4354
4335
4314
4291
4269
4249
4229
4209
4191
4151
4129
4081
4057
4036
4012
3994
3975
3952
3927
3902
3874
3847
3828
3806
3787
3765
3737
3716
3698
3677
3648
3629
3609
3589
3558
3539
3507
3488
3466
3438
3420
3401
3380
3354
3329
3307
3288
3268
3242
3218
3189
3164
3138
3112
3086
563
541
523
498
456
437
416
397
377
357
329
310
291
265
242
223
193
175
153
134
116
96
59
33
14
4195
4175
4156
4134
4114
4094
4073
4053
4033
4013
3994
3967
3946
3915
3878
3858
3838
3818
3799
3776
3757
3737
3715
3695
3676
3656
3636
3617
3599
3577
3557
3537
3519
3499
3471
3450
3431
3402
3380
3359
3334
3308
3288
3266
3242
3219
3192
3169
3148
3123
3100
3072
3051
3028
3008
2987
2966
2945
2926
2899
575
555
535
510
488
467
446
426
406
383
363
341
323
295
276
243
226
199
180
162
144
125
97
74
53
34
14
4412
4382
4363
4344
4325
4306
4288
4268
4249
4229
4211
4190
4171
4152
4134
4116
4098
4079
4057
4038
4019
3991
3971
3950
3931
3904
3884
3863
3843
3824
3800
3780
3751
3729
3709
3689
3668
3647
3622
3596
3573
3549
3528
3510
3485
3463
3441
3423
3404
3389
3365
3343
3321
3301
3278
3255
3230
3210
3178
3135
513
493
467
442
422
402
383
363
343
325
303
282
262
244
225
205
184
152
127
108
88
67
48
19
4353
4335
4315
4296
4262
4241
4214
4193
4176
4154
4134
4108
4091
4067
4040
4006
3979
3951
3922
3897
3871
3838
3805
3774
3748
3727
3709
3684
3656
3635
3608
3580
3555
3535
3516
3493
3469
3445
3424
3397
3378
3354
3332
3313
3292
3272
3245
3219
3195
3170
3134
3096
3070
3046
3021
3000
2973
2957
2932
2910
590
569
546
518
492
472
451
419
398
378
356
336
313
293
272
252
234
213
192
174
155
137
118
97
77
58
38
19
1
4488
4467
4447
4429
4408
4388
4368
4349
4329
4309
4290
4271
4251
4231
4209
4191
4172
4153
4133
4112
4092
4071
4049
4027
4010
3991
3971
3953
3932
