569
545
524
502
480
460
438
416
394
373
351
331
310
285
263
238
218
197
176
155
134
113
94
71
53
34
12
2334
2312
2290
2268
2247
2223
2202
2182
2161
2139
2110
2089
2069
2039
2020
1999
1980
1959
1938
1913
192
170
141
116
89
70
51
30
6
2395
2374
2353
2332
2311
2289
2268
2248
2225
2205
2184
2163
2131
2110
2090
2065
2044
2023
2002
1982
160
140
116
90
63
42
21
2334
2314
2292
2272
2251
2228
2208
2186
2166
2144
2122
2100
2074
2053
2032
2009
1988
1967
1946
1926
103
82
55
27
6
2248
2226
2203
2180
2153
2130
2108
2086
2064
2041
2021
2000
1980
1959
1938
1917
1898
1877
1856
1836
113
92
64
40
14
2265
2243
2222
2202
2181
2158
2138
2116
2096
2074
2042
2018
1996
1972
1952
1931
1910
1885
1862
1842
121
101
75
48
22
1
2303
2284
2264
2243
2222
2200
2180
2157
2138
2116
2093
2071
2049
2031
2011
1991
1969
1947
1928
1908
186
165
138
118
93
74
39
15
2487
2467
2444
2423
2403
2382
2361
2341
2316
2296
2274
2256
2236
2216
2195
2175
2153
2133
2111
2093
170
109
87
48
22
2281
2258
2236
2215
2193
2163
2142
2120
2097
2067
2046
2025
2002
1970
1949
1917
1897
1877
1855
1835
113
90
65
40
12
2260
2238
2217
2198
2176
2157
2137
2115
2092
2069
2047
2027
2005
1984
1962
1941
1917
1897
1873
1854
132
110
83
58
31
9
2313
2293
2272
2251
2229
2209
2181
2161
2142
2121
2101
2080
2060
2039
2018
1998
1972
1952
1931
1911
179
159
132
109
82
61
40
18
2360
2341
2321
2299
2278
2257
2237
2216
2193
2172
2151
2129
2110
2090
2069
2048
2026
2004
1982
1957
136
115
90
64
39
18
2462
2440
2417
2396
2375
2352
2325
2295
2277
2256
2235
2214
2193
2172
2151
2132
2111
2091
2069
2045
117
93
72
51
27
7
2310
2288
2269
2246
2225
2203
2183
2160
2135
2113
2093
2071
2054
2033
2011
1987
1964
1938
1916
1892
170
151
126
104
80
59
37
18
2354
2331
2310
2290
2269
2249
2224
2199
2179
2160
2139
2118
2100
2078
2057
2036
2016
1996
1973
1952
124
104
78
55
35
15
2301
2279
2256
2235
2215
2195
2173
2150
2130
2110
2088
2066
2044
2023
2003
1980
1959
1938
1917
1895
172
145
119
92
66
44
22
2
2335
2318
2294
2267
2240
2209
2187
2167
2145
2123
2103
2082
2062
2042
2014
1992
1972
1951
1929
1908
185
164
139
114
89
69
47
27
7
2422
2403
2383
2361
2339
2311
2291
2271
2252
2230
2211
2190
2170
2146
2124
2104
2083
2062
2039
2018
197
175
152
129
100
78
57
35
15
2437
2416
2395
2375
2354
2334
2307
2287
2266
2245
2221
2200
2180
2161
2140
2120
2099
2073
2053
2033
112
90
62
39
14
2243
2221
2199
2179
2159
2138
2119
2098
2077
2055
2036
2014
1993
1974
1952
1931
1903
1879
1857
1834
112
92
69
49
29
7
2311
2291
2271
2251
2230
2207
2187
2166
2144
2123
2104
2069
2048
2028
2010
1972
1951
1923
1902
1881
159
137
115
94
71
51
28
7
2318
2296
2273
2253
2233
2215
2194
2173
2154
2134
2115
2092
2072
2049
2029
2010
1988
1963
1942
1921
199
177
155
130
105
84
64
38
19
2391
2365
2342
2322
2299
2276
2256
2236
2214
2193
2172
2153
2132
2110
2090
2069
2049
2028
2007
1986
164
140
114
88
64
43
23
4
2346
2325
2306
2284
2264
2243
2222
2201
2180
2160
2138
2110
2088
2068
2048
2028
2006
1986
1959
1932
109
90
64
39
9
2279
2258
2235
2213
2195
2174
2151
2127
2106
2085
2065
2039
2020
1991
1968
1946
1927
1908
1886
1865
140
119
94
67
41
20
0
2423
2401
2378
2356
2336
2315
2293
2273
2252
2230
2209
2189
2168
2147
2126
2102
2081
2059
2037
2015
194
168
145
120
94
74
52
30
2
2370
2349
2328
2301
2279
2260
2237
2216
2187
2164
2143
2124
2102
2081
2061
2039
2019
1998
1977
1954
131
106
81
56
28
7
2271
2250
2230
2199
2178
2159
2135
2114
2092
2071
2049
2028
2006
1985
1965
1943
1922
1882
1862
1842
120
98
73
46
16
2280
2262
2241
2220
2197
2176
2154
2125
2103
2082
2057
2036
2017
1995
1967
1944
1923
1901
1879
1851
128
108
83
58
37
14
2340
2320
2299
2280
2250
2229
2209
2187
2167
2148
2128
2101
2081
2061
2042
2021
2001
1979
1957
1937
115
95
70
46
22
2266
2246
2226
2205
2181
2160
2139
2117
2095
2074
2052
2032
2012
1988
1969
1948
1929
1908
1886
1865
144
123
97
70
51
30
9
2376
2355
2335
2315
2293
2272
2237
2217
2195
2173
2152
2133
2105
2085
2065
2045
2022
2000
1971
1950
128
108
81
57
32
13
2305
2277
2259
2236
2212
2192
2171
2143
2121
2103
2082
2061
2040
2019
2000
1979
1959
1937
1913
1892
168
146
118
91
64
44
23
3
2368
2349
2326
2304
2283
2264
2244
2224
2203
2181
2160
2138
2118
2096
2075
2052
2032
2009
1990
1967
145
125
99
76
42
22
0
2288
2267
2246
2225
2204
2184
2163
2141
2113
2091
2070
2042
2022
2000
1979
1958
1935
1915
1893
1873
151
129
103
77
52
32
10
2297
2276
2253
2232
2211
2191
2170
2148
2128
2109
2090
2070
2050
2031
2009
1991
1970
1948
1927
1902
180
159
138
112
83
62
42
23
2
2392
2366
2340
2319
2296
2274
2253
2233
2211
2187
2166
2146
2126
2106
2085
2064
2027
2005
1983
1961
140
118
90
65
38
16
2373
2352
2326
2300
2278
2257
2238
2212
