582
560
537
515
494
475
454
434
413
392
373
339
305
285
265
248
227
208
186
165
147
127
106
77
60
40
21
1
2337
2317
2296
2267
2247
2225
2202
2182
2150
2130
2110
2091
2069
2050
2029
2010
1991
1971
1952
1930
1911
1891
1873
1854
1833
1812
1792
1773
1755
1736
1716
1696
1674
1654
1632
1612
1591
1573
1554
1533
1514
1493
1473
1450
1423
1402
1382
1359
1334
1312
1289
1270
1243
1223
1202
1180
1159
1135
1116
1094
1070
1047
1025
1004
983
959
937
914
892
871
849
829
810
788
769
746
693
675
657
638
613
593
574
552
532
513
494
473
445
425
403
378
358
337
316
296
276
257
237
217
3928
3908
3888
3868
3848
3829
3808
3787
3766
3747
3722
3695
3667
3646
3626
3607
3585
3567
3547
3521
3497
3478
3449
3430
3402
3380
3367
3341
3313
3294
3272
3247
3223
3199
3174
3154
3135
3100
3081
3061
3039
3020
3000
2982
2960
2938
2918
2899
2879
2848
2826
2808
2788
2762
2743
2723
2704
2684
2667
2645
2625
2606
2587
2563
2540
2519
2493
2472
2450
2428
2394
2374
2356
2337
2321
2301
2282
2262
2243
2226
2203
2180
2161
2142
2123
2102
2084
2065
2039
2020
1999
1978
1957
1938
1918
1901
1879
1860
1839
1820
4695
4680
4656
4630
4605
4586
4567
4546
4513
4494
4477
4458
4437
4417
4399
4377
4357
4336
4311
4291
4269
4250
4228
4206
4184
4165
4145
4110
4090
4031
4010
3991
3907
3852
3832
3812
3792
3772
3752
3728
3705
3682
3661
3633
3612
3590
3569
3550
3531
3513
3485
3466
3448
3429
3404
3386
3364
3344
3329
3308
3287
3267
3242
3223
3205
3185
3167
3148
3127
3107
3088
3065
3045
3022
2999
2981
2955
2937
2916
2895
2871
2849
2828
2807
2786
2766
2748
2729
2709
2691
2669
2640
2620
2599
2576
2555
2538
2516
2496
2476
4518
4498
4482
4457
4432
4411
4391
4374
4355
4336
4315
4296
4276
4255
4235
4215
4194
4172
4153
4133
4109
4086
4069
4048
4029
4011
3992
3973
3952
3933
3915
3895
3874
3854
3829
3813
3786
3762
3742
3723
3703
3684
3664
3643
3624
3606
3584
3562
3543
3518
3488
3467
3446
3425
3406
3385
3365
3345
3320
3300
3282
3263
3244
3225
3206
3186
3167
3147
3129
3110
3086
3067
3047
3028
3011
2991
2961
2940
2921
2902
2881
2860
2842
2823
2803
2783
2763
2739
2719
2697
2678
2655
2633
2612
2591
2570
2550
2528
2505
2484
4668
4646
4622
4599
4576
4552
4534
4508
4487
4466
4446
4425
4406
4387
4367
4347
4327
4306
4284
4262
4238
4220
4202
4182
4162
4141
4120
4100
4080
4060
4041
4022
4005
3986
3969
3951
3931
3901
3879
3859
3838
3817
3798
3778
3761
3742
3723
3695
3674
3654
3634
3615
3597
3577
3556
3537
3510
3487
3467
3446
3418
3397
3375
3348
3327
3303
3283
3261
3243
3223
3201
3180
3162
3141
3120
3099
3080
3066
3041
3020
3001
2970
2944
2924
2904
2886
2866
2843
2818
2798
2779
2761
2742
2723
2704
2684
2664
2639
2616
2598
4722
4686
4659
4635
4611
4591
4572
4552
4532
4512
4486
4466
4446
4425
4405
4386
4365
4343
4324
4303
4285
4266
4239
4218
4196
4176
4157
4139
4118
4099
4077
4058
4031
4007
3978
3955
3930
3912
3891
3869
3850
3831
3805
3786
3767
3747
3726
3708
3687
3667
3644
3616
3595
3575
3555
3533
3514
3493
3475
3455
3436
3417
3397
3376
3351
3332
3311
3291
3272
3254
3226
3207
3189
3164
3144
3124
3105
3080
3059
3038
3017
2996
2970
2947
2925
2902
2878
2854
2825
2806
2770
2751
2732
2713
2694
2671
2650
2624
2605
2586
4623
4596
4569
4549
4523
4498
4480
4460
4429
4411
4385
4365
4344
4325
4305
4283
4261
4241
4218
4192
4172
4154
4135
4115
4094
4075
4053
4033
4011
3991
3972
3939
3920
3900
3878
3855
3829
3810
3789
3769
3751
3731
3712
3692
3674
3652
3628
3607
3585
3566
3541
3522
3502
3481
3460
3443
3421
3401
3381
3363
3344
3326
3306
3286
3265
3237
3218
3196
3177
3155
3135
3114
3094
3072
3051
3028
3008
2984
2965
2943
2918
2900
2873
2850
2828
2807
2784
2760
2739
2719
2693
2673
2648
2629
2603
2583
2563
2542
2521
2501
4710
4689
4668
4641
4616
4597
4575
4553
4529
4507
4487
4467
4447
4425
4405
4387
4368
4348
4328
4309
4288
4269
4249
4223
4204
4184
4160
4139
4119
4101
4080
4062
4041
4020
4001
3982
3958
3932
3913
3895
3870
3844
3826
3807
3786
3766
3744
3717
3697
3679
3659
3637
3614
3596
3570
3551
3531
3512
3493
3475
3454
3432
3410
3389
3367
3344
3313
3291
3263
3243
3223
3203
3175
3156
3134
3116
3096
3079
3060
3035
3014
2995
2971
2947
2929
2903
2883
2863
2842
2822
2798
2778
2758
2738
2719
2691
2668
2632
2607
2588
4555
4532
4514
4491
4465
4446
4425
4406
4382
4361
4342
4322
4301
4283
4265
4242
4223
4204
4183
4162
4142
4120
4098
4082
4065
4046
4026
4004
3983
3962
3941
3922
3897
3876
3856
3832
3813
3793
3774
3754
3734
3708
3689
3670
3651
3632
3614
3585
3566
3546
3528
3508
3489
3469
3449
3426
3401
3375
3354
3333
3309
3291
3267
3248
3225
3207
3181
3157
3137
3118
3097
3074
3052
3031
3014
2989
2967
2946
2928
2905
2885
2862
2840
2821
2802
2780
2762
2743
2723
2702
2682
2662
2642
2622
2603
2580
2559
2535
2515
2495
4540
4519
4493
4467
4443
4423
4404
4384
4364
4340
4321
4302
4281
4262
4241
4217
4199
4180
4158
4138
4116
4079
4060
4039
4018
3999
3981
3962
3941
3917
3898
3869
3850
3822
3796
3775
3754
3725
3705
3685
3666
3642
3617
3592
3571
3545
3527
3503
3480
3460
3441
3421
3397
3378
3358
3336
3316
3296
3275
3251
3233
3213
3192
3170
3147
3126
3101
3080
3061
3039
3021
2996
