580
551
527
505
482
462
443
423
400
380
360
339
318
298
277
256
234
214
195
173
151
129
108
86
58
39
18
2386
2359
2339
2312
2291
2269
2247
2226
2205
2183
2164
2143
2123
2102
2082
2059
2040
2021
1996
1970
148
128
103
79
51
30
2336
2317
2297
2263
2243
2221
2201
2180
2158
2138
2118
2099
2079
2058
2038
2017
1996
1975
1954
1934
111
88
57
33
7
2277
2259
2238
2217
2196
2175
2155
2134
2115
2095
2076
2056
2033
2012
1990
1969
1949
1929
1908
1887
165
142
119
94
67
46
25
7
2368
2346
2324
2303
2284
2263
2243
2223
2202
2183
2162
2133
2112
2093
2072
2051
2030
2010
1991
1970
148
128
101
74
49
28
9
2342
2319
2299
2277
2257
2236
2213
2192
2171
2152
2129
2109
2089
2061
2041
2021
2002
1980
1960
1940
118
96
69
43
16
2281
2259
2237
2215
2196
2174
2151
2130
2109
2088
2067
2047
2028
2007
1987
1968
1945
1924
1903
1883
162
137
112
85
62
40
18
2367
2346
2325
2303
2283
2262
2241
2221
2201
2179
2161
2141
2121
2097
2077
2058
2036
2015
1996
1977
153
131
108
83
62
42
19
2323
2301
2281
2260
2238
2210
2191
2170
2149
2122
2104
2083
2064
2044
2022
2001
1981
1962
1942
1919
190
173
151
123
98
77
55
34
14
2398
2377
2354
2335
2316
2289
2268
2246
2225
2206
2185
2165
2143
2122
2102
2081
2060
2036
2014
1994
170
143
118
92
67
45
25
4
2357
2333
2312
2290
2269
2248
2226
2204
2185
2165
2143
2120
2099
2079
2059
2038
2013
1992
1970
1947
125
106
81
56
31
10
2277
2256
2235
2212
2192
2162
2141
2115
2096
2076
2047
2026
2006
1987
1964
1943
1921
1901
1881
1861
137
117
88
67
39
16
2277
2244
2224
2203
2183
2162
2142
2120
2100
2080
2059
2040
2012
1992
1972
1951
1930
1905
1884
1860
140
120
99
74
45
24
4
2429
2409
2383
2362
2340
2319
2300
2281
2258
2238
2216
2196
2176
2155
2134
2112
2091
2061
2042
2021
198
176
151
115
88
70
47
26
4
2410
2390
2367
2347
2327
2309
2287
2265
2240
2218
2197
2176
2155
2134
2114
2095
2073
2054
2033
2012
190
163
142
117
84
64
42
20
2353
2332
2304
2283
2257
2237
2217
2196
2175
2152
2131
2110
2089
2065
2044
2023
2002
1982
1962
1940
116
96
70
44
18
2242
2222
2201
2179
2158
2138
2117
2095
2076
2054
2032
2010
1990
1968
1949
1928
1904
1883
1864
1844
122
104
83
58
30
8
2343
2323
2301
2281
2262
2243
2221
2199
2180
2153
2132
2108
2079
2056
2036
2015
1995
1965
1938
1910
189
168
131
104
64
43
22
0
2342
2319
2299
2276
2255
2234
2213
2193
2173
2148
2128
2109
2089
2067
2047
2027
2008
1987
1965
1943
121
100
72
43
18
2459
2439
2418
2398
2378
2356
2334
2313
2290
2267
2244
2223
2201
2182
2160
2138
2110
2090
2067
2044
122
100
74
46
20
2245
2225
2204
2185
2165
2144
2125
2103
2081
2060
2041
2020
1998
1978
1957
1937
1910
1889
1862
1835
111
91
64
44
15
2305
2284
2263
2241
2221
2200
2180
2158
2138
2118
2099
2079
2058
2038
2019
1996
1976
1955
1927
1906
185
165
140
114
88
67
34
13
2359
2339
2319
2299
2280
2258
2237
2217
2198
2179
2158
2138
2120
2098
2072
2053
2031
2009
1987
1965
136
117
92
66
42
22
2343
2324
2302
2280
2258
2239
2219
2197
2179
2157
2135
2115
2095
2074
2053
2033
2011
1990
1963
1942
120
100
78
51
25
4
2280
2260
2232
2212
2192
2173
2153
2132
2111
2092
2072
2050
2032
2010
1989
1965
1944
1925
1903
1883
159
140
116
91
65
45
18
2422
2402
2381
2360
2341
2322
2301
2281
2260
2228
2207
2185
2156
2135
2112
2088
2063
2044
2022
2001
180
158
134
108
84
64
45
26
4
2411
2390
2371
2349
2330
2307
2287
2268
2248
2226
2205
2183
2164
2144
2118
2097
2077
2058
2038
2018
195
172
150
125
98
79
54
33
12
2415
2395
2375
2355
2333
2313
2294
2274
2247
2223
2202
2180
2159
2139
2118
2088
2067
2045
2024
2005
183
163
137
114
91
69
43
21
1
2400
2380
2358
2323
2302
2280
2258
2237
2216
2196
2175
2154
2132
2111
2091
2070
2049
2027
2005
1985
163
143
119
98
73
51
33
12
2345
2325
2305
2285
2264
2242
2221
2201
2166
2143
2122
2101
2080
2059
2039
2019
1998
1976
1957
1937
113
93
66
40
15
2261
2239
2219
2197
2175
2155
2134
2110
2089
2068
2049
2030
2009
1985
1963
1936
1914
1893
1875
1852
131
110
82
57
31
12
2326
2302
2283
2261
2234
2215
2195
2172
2152
2133
2112
2089
2068
2041
2020
1999
1978
1961
1940
1920
198
177
156
134
105
82
62
41
19
2398
2379
2359
2338
2317
2295
2268
2246
2224
2204
2180
2151
2132
2110
2087
2064
2042
2023
2002
1981
159
139
109
82
56
36
15
2313
2295
2274
2254
2234
2214
2191
2169
2149
2127
2107
2086
2066
2045
2022
2001
1979
1959
1940
1920
197
173
142
116
89
68
46
27
7
2360
2340
2319
2296
2277
2256
2232
2210
2188
2167
2147
2126
2106
2084
2063
2044
2025
2004
1983
1964
142
122
97
76
52
31
11
2354
2332
2314
2288
2268
2248
2226
2204
2182
2162
2142
2119
2097
2076
2051
2031
2009
1989
1971
1950
129
109
83
58
32
12
2317
2295
2274
2253
2232
2204
2185
2166
2147
2126
2106
2086
2059
2034
2012
1992
1971
1951
1930
1909
185
163
142
112
89
71
52
24
3
2463
