560
537
516
495
472
452
432
409
388
367
343
320
299
276
255
236
214
196
173
154
132
111
90
70
50
28
7
2335
2314
2292
2263
2240
2219
2198
2177
2157
2132
2110
2090
2064
2042
2020
1999
1976
1954
1934
1913
1892
1873
1852
1831
1811
1790
1769
1733
1711
1689
1668
1645
1619
1597
1575
1547
1526
1506
1480
1454
1434
1409
1389
1368
1339
1314
1287
1266
1245
1220
3159
3136
3114
3089
3067
3041
3007
2986
2965
2945
2523
2502
2481
2461
2434
2414
2380
2358
2338
2315
2295
2273
2253
2231
2210
2190
2170
2148
2125
2100
2079
2059
2038
2023
2002
1980
1957
1935
1913
1891
1868
1848
1826
1804
1781
1761
1738
1720
1699
1678
3682
3662
3633
3612
3590
3570
3547
3526
3503
3482
2555
2535
2510
2487
2462
2442
2421
2397
2376
2353
2331
2310
2289
2269
2248
2220
2196
2175
2156
2135
2115
2094
2071
2049
2026
2005
1976
1945
1919
1895
1876
1856
1835
1814
1793
1772
1752
1729
1708
1685
3691
3669
3647
3619
3595
3571
3550
3530
3506
3482
2558
2539
2509
2485
2459
2437
2415
2395
2373
2351
2331
2311
2291
2272
2251
2231
2212
2192
2172
2152
2123
2103
2078
2057
2034
2013
1986
1959
1935
1911
1887
1865
1841
1817
1793
1769
1746
1723
1700
1677
3608
3588
3569
3547
3525
3500
3480
3458
3438
3413
2484
2463
2434
2410
2388
2368
2345
2323
2303
2283
2262
2241
2222
2202
2181
2161
2141
2118
2098
2075
2054
2033
2010
1992
1970
1949
1928
1907
1887
1866
1847
1825
1802
1782
1763
1737
1716
1691
1670
1645
3608
3588
3564
3544
3524
3501
3481
3457
3437
3413
2591
2568
2544
2518
2490
2469
2445
2422
2402
2382
2360
2341
2320
2300
2279
2256
2235
2213
2194
2174
2150
2129
2108
2085
2058
2030
2006
1977
1958
1937
1917
1890
1869
1847
1825
1807
1786
1761
1741
1720
3709
3688
3665
3644
3618
3596
3575
3554
3531
3509
2588
2564
2540
2516
2490
2469
2449
2430
2405
2384
2365
2345
2325
2307
2286
2264
2242
2222
2196
2175
2154
2132
2111
2090
2070
2051
2032
2011
1987
1963
1939
1918
1894
1872
1849
1822
1801
1780
1758
1736
3805
3786
3764
3744
3725
3705
3685
3667
3644
3622
2601
2580
2553
2529
2506
2486
2466
2444
2425
2403
2382
2362
2342
2321
2300
2279
2260
2238
2215
2192
2170
2149
2129
2108
2087
2067
2041
2009
1986
1965
1941
1921
1902
1880
1861
1839
1819
1794
1773
1752
3780
3760
3736
3715
3691
3667
3648
3628
3607
3586
2564
2532
2504
2477
2454
2435
2414
2395
2375
2354
2333
2306
2287
2268
2248
2225
2201
2180
2155
2133
2107
2087
2065
2043
2023
2003
1982
1959
1935
1915
1894
1872
1851
1832
1812
1792
1771
1744
1725
1702
3766
3740
3719
3695
3670
3650
3615
3595
3575
3550
2630
2606
2580
2554
2526
2508
2484
2458
2439
2419
2399
2376
2353
2333
2312
2291
2270
2246
2224
2201
2180
2160
2140
2119
2098
2063
2043
2021
1997
1976
1954
1934
1907
1881
1860
1839
1818
1793
1773
1751
3742
3720
3700
3678
3656
3636
3615
3596
3574
3552
2524
2504
2478
2453
2428
2408
2388
2365
2345
2324
2304
2285
2266
2245
2224
2204
2183
2165
2141
2117
2096
2075
2054
2035
2014
1993
1974
1949
1927
1901
1881
1858
1838
1813
1793
1770
1750
1726
1703
1682
3612
3585
3557
3540
3519
3494
3466
3442
3422
3401
2478
2457
2430
2409
2384
2362
2343
2322
2301
2281
2260
2240
2218
2201
2180
2158
2138
2118
2093
2071
2052
2032
1999
1972
1951
1928
1906
1883
1861
1838
1816
1795
1772
1750
1728
1707
1686
1665
1644
1624
3584
3559
3536
3514
3487
3466
3442
3423
3401
3382
2556
2531
2505
2478
2451
2430
2410
2387
2363
2343
2323
2303
2282
2261
2240
2213
2191
2172
2152
2127
2099
2078
2057
2038
2017
1998
1980
1960
1935
1912
1888
1865
1846
1826
1793
1773
1747
1726
1707
1679
3669
3648
3627
3593
3572
3552
3531
3509
3488
3469
2547
2528
2500
2474
2454
2431
2404
2385
2365
2343
2322
2302
2282
2263
2239
2218
2198
2179
2153
2133
2110
2083
2062
2041
2021
2002
1981
1960
1937
1917
1895
1872
1852
1833
1811
1794
1773
1751
1729
1709
3701
3680
3661
3642
3620
3599
3578
3560
3515
3487
2566
2541
2361
2335
2312
2292
2264
2242
2213
2191
2169
2149
2124
2098
2076
2054
2033
2012
1983
1962
1943
1924
1901
1882
1862
1839
1819
1794
1768
1747
1727
1706
1683
1657
1633
1613
1591
1571
1550
1529
3585
3566
3534
3512
3484
3462
3433
3406
3385
3363
2634
2613
2588
2563
2542
2516
2496
2474
2444
2423
2402
2383
2363
2343
2322
2301
2279
2258
2237
2212
2191
2172
2151
2130
2107
2087
2066
2041
2018
1996
1974
1949
1924
1899
1879
1859
1834
1807
1784
1763
3760
3738
3721
3700
3671
3648
3623
3601
3579
3554
2531
2505
2479
2455
2430
2412
2391
2369
2349
2328
2307
2283
2263
2236
2216
2189
2170
2148
2124
2100
2079
2058
2036
2017
1998
1978
1957
1935
1911
1887
1864
1840
1821
1801
1776
1749
1725
1705
1675
1656
3624
3604
3585
3565
3540
3518
3497
3476
3455
3435
2513
2492
2467
2442
2417
2397
2377
2355
2333
2312
2294
2274
2254
2234
2215
2195
2173
2155
2132
2107
2087
2065
2043
2024
2002
1980
1962
1944
1924
1902
1876
1858
1837
1815
1792
1766
1743
1723
1702
1680
3609
3590
3565
3540
3515
3489
3472
3449
3424
3404
2479
2458
2419
2393
2368
2346
2325
2303
2280
2260
2238
2217
2197
2175
2156
2134
2110
2088
2066
2045
2020
1999
1976
1955
1935
1910
1889
1869
1849
1828
1807
1786
1758
1736
1717
1696
1675
1654
1629
1607
3527
3508
3487
3464
3441
3419
3397
3377
3357
3338
2516
2495
2469
2443
2416
2396
2373
2353
2328
2300
2279
2259
2236
