545
523
496
477
447
427
408
386
363
343
323
298
277
259
240
220
201
181
161
141
120
101
80
58
38
19
2285
2265
2244
2223
2197
2172
2152
2131
2113
2094
2075
2054
2036
2015
1995
1973
1951
1931
1910
1883
1863
1843
1825
1802
1782
1761
1741
1722
1701
1680
1658
1633
1611
1592
1573
1551
1528
1507
1487
1466
1441
1409
1387
1367
1347
1326
1304
1285
1260
1237
3265
3242
3211
3189
3168
3144
3123
3106
3084
3063
3040
3018
2994
2970
2951
2929
2910
2886
2863
2844
2818
2798
2775
2754
2732
2712
2692
2673
2652
2632
2610
2590
2571
2551
2530
2511
2491
2470
2449
2429
2408
2387
2362
2338
2314
2294
2273
2255
2233
2211
4182
4161
4141
4121
4100
4080
4054
4030
4005
3983
3959
3939
3915
3892
3869
3849
3827
3809
3786
3765
3744
3723
3703
3681
3653
3634
3610
3584
3562
3538
3518
3487
3467
3449
3427
3401
3379
3358
3339
3320
3298
3280
3260
3238
3217
3191
3171
3146
3125
3103
5038
5019
4998
4980
4959
4939
4918
4897
4876
4855
4835
4815
4795
4767
4748
4728
4707
4689
4660
4640
4614
4594
4573
4552
4533
4513
4494
4474
4446
4424
4402
4383
4363
4344
4322
4298
4275
4251
4227
4206
4183
4161
4136
4115
4094
4071
4045
4019
4000
3980
5088
5064
5039
5009
4983
4960
4939
4918
4899
4879
4858
4837
4815
4796
4776
4756
4736
4721
4696
4670
4644
4620
4601
4580
4549
4527
4506
4484
4462
4436
4400
4378
4349
4328
4307
4284
4264
4246
4225
4205
4181
4160
4135
4114
4094
4075
4054
4031
4010
3979
5017
4992
4966
4947
4921
4902
4881
4859
4840
4821
4795
4774
4755
4736
4713
4691
4667
4639
4613
4593
4574
4552
4532
4512
4492
4473
4454
4430
4408
4382
4360
4337
4319
4297
4275
4249
4229
4207
4186
4167
4147
4127
4107
4086
4067
4049
4022
4000
3977
3959
5038
5017
4992
4972
4948
4926
4906
4888
4868
4848
4827
4807
4787
4769
4748
4727
4706
4682
4653
4628
4603
4583
4562
4544
4524
4503
4483
4464
4443
4424
4402
4378
4357
4325
4306
4286
4265
4242
4223
4205
4185
4155
4133
4113
4095
4077
4055
4034
4012
3992
4977
4956
4931
4904
4879
4859
4840
4819
4794
4773
4753
4734
4714
4691
4671
4642
4624
4603
4584
4564
4544
4524
4502
4482
4462
4441
4421
4400
4376
4354
4326
4304
4282
4259
4231
4211
4186
4166
4143
4122
4101
4080
4060
4039
4019
3998
3977
3958
3938
3914
5029
5000
4980
4962
4935
4915
4895
4874
4853
4834
4816
4789
4770
4750
4728
4708
4688
4669
4650
4628
4609
4589
4567
4546
4525
4503
4482
4455
4435
4416
4389
4370
4347
4324
4302
4274
4253
4231
4211
4188
4166
4144
4124
4103
4082
4060
4039
4016
3994
3961
5166
5139
5110
5084
5060
5038
5017
4989
4968
4946
4928
4905
4885
4863
4843
4816
4790
4769
4743
4719
4693
4672
4653
4634
4614
4593
4571
4536
4514
4493
4472
4442
4423
4401
4381
4366
4342
4324
4305
4285
4263
4240
4219
4200
4179
4160
4141
4121
4101
4080
5141
5121
5093
5072
5053
5027
4998
4970
4951
4928
4904
4884
4864
4844
4818
4785
4758
4732
4703
4683
4661
4640
4620
4598
4575
4554
4531
4510
4490
4468
4449
4426
4407
4385
4361
4340
4322
4299
4279
4256
4231
4210
4181
4159
4133
4108
4088
4069
4049
4030
5058
5038
5013
4987
4966
4947
4928
4903
4884
4865
4845
4824
4803
4783
4760
4733
4713
4691
4669
4642
4617
4592
4568
4549
4531
4509
4486
4465
4446
4427
4401
4378
4358
4333
4311
4286
4260
4234
4214
4185
4166
4141
4120
4097
4077
4055
4035
4015
3994
3977
5090
5066
5044
5019
4991
4972
4954
4935
4914
4888
4864
4846
4827
4805
4787
4766
4740
4715
4693
4667
4640
4615
4596
4576
4554
4530
4504
4482
4463
4443
4409
4378
4356
4337
4317
4290
4269
4247
4225
4205
4181
4154
4135
4116
4096
4077
4054
4033
4007
3983
4993
4974
4954
4928
4903
4884
4865
4846
4813
4791
4773
4752
4730
4710
4689
4663
4642
4616
4594
4574
4555
4533
4510
4491
4470
4452
4425
4404
4375
4353
4331
4312
4288
4267
4244
4224
4206
4187
4167
4152
4125
4090
4071
4049
4029
4009
3989
3967
3946
3927
4944
4925
4900
4877
4851
4833
4813
4793
4775
4754
4733
4713
4694
4676
4656
4638
4615
4596
4577
4559
4541
4516
4491
4472
4447
4428
4409
4388
4368
4346
4329
4307
4285
4265
4246
4228
4209
4191
4170
4150
4125
4106
4084
4065
4044
4025
4000
3980
3958
3937
4977
4955
4930
4908
4882
4863
4834
4814
4792
4774
4754
4732
4712
4688
4663
4633
4612
4591
4570
4550
4531
4510
4491
4467
4447
4424
4404
4384
4363
4342
4323
4304
4283
4265
4247
4227
4203
4180
4159
4135
4113
4093
4071
4052
4028
4005
3982
3959
3932
3913
4979
4960
4931
4912
4887
4868
4847
4827
4806
4786
4767
4746
4726
4707
4688
4667
4651
4633
4611
4589
4569
4547
4525
4503
4484
4463
4436
4404
4380
4361
4341
4322
4302
4284
4260
4240
4217
4195
4176
4157
4131
4103
4078
4057
4032
4008
3986
3966
3945
3925
5125
5107
5084
5059
5031
5012
4992
4972
4953
4933
4912
4891
4871
4847
4829
4809
4789
4768
4750
4730
4706
4683
4659
4637
4617
4592
4572
4549
4528
4504
4484
4463
4439
4419
4400
4378
4357
4337
4316
4297
4279
4262
4241
4214
4190
4169
4150
4129
4106
4082
5182
5154
5130
5103
5079
5060
5040
5020
5001
4982
4963
4938
4918
4898
4878
4859
4841
4821
4796
4770
4749
4728
4710
4688
4405
4386
4358
4337
4318
4298
4277
4257
4235
4216
4195
4175
4154
4134
4115
4087
4069
4050
4031
4011
3991
3969
3949
3921
3900
3878
4912
4892
4872
4842
4817
4797
4777
4758
4739
4721
4702
4683
4664
4643
4622
4601
4583
4560
4540
4519
4500
4481
4460
4438
