619
984
1331
1687
2065
2423
2781
3169
3514
3853
4198
4543
4883
5240
5575
5954
6315
6660
7005
7340
7683
8040
8383
8728
9075
9441
9798
10145
10531
10892
11246
11581
11946
12286
12627
12989
13354
13700
14042
14392
14764
15138
15520
15871
16213
16560
16902
17247
17601
17954
18307
18721
19090
19450
19790
20124
20474
20820
21193
21534
21889
22276
22674
23042
23405
23766
24161
24529
24897
25236
25583
25936
26283
26631
26997
27346
27697
28046
28396
28826
29175
29546
29892
30215
30569
30897
31237
31596
31977
32367
32743
33096
33538
33890
34261
34605
34981
35334
35708
36079
36435
36794
37158
37529
37905
38265
38639
38999
39074
39130
39080
39158
39205
39162
39247
39219
39214
39254
39306
39279
39332
39271
39308
39260
39289
39217
39258
39226
39177
39225
39165
39190
39114
39156
39195
39149
39084
39125
39070
39107
39055
39106
39058
39027
39090
39087
39160
39113
39183
39153
39233
39254
39258
39231
39322
39497
39582
39767
39763
39857
40074
40102
40050
40303
40408
40443
40540
40708
41098
41289
41538
41739
42046
42272
42586
42675
42982
43123
43258
43334
43514
43600
43848
44095
44241
44571
44765
45067
45230
45396
45588
45814
45768
45999
46138
46439
46544
46761
47175
47359
47653
48087
48260
48674
48928
49185
49496
49546
49499
49555
49543
49494
49556
49561
49521
49591
49612
49694
49777
49743
49733
49829
49886
49821
49911
49961
49912
49985
49993
50065
50060
50146
50217
50193
50266
50291
50411
50493
50476
50550
50534
50585
50546
50504
50598
50550
50499
50558
50525
50512
50571
50434
50415
50490
50469
50340
50206
50056
49979
49921
49777
49654
49787
49428
49401
49371
49196
49036
48668
48494
48356
48120
47866
47717
47356
47208
46976
46811
46669
46651
46424
46348
46157
45975
45788
45558
45322
45079
44841
44699
44441
44312
44198
44059
43841
43555
43435
43184
42870
42735
42374
42137
41865
41591
41253
41112
40852
40875
41013
41216
41276
41426
41495
41515
41501
41544
41455
41456
41470
41473
41616
41623
41613
41705
41863
42076
42426
42515
42620
42662
42696
42797
42821
42862
42990
43069
43116
43208
43446
43789
43974
44036
44204
44211
44280
44311
44430
44436
44410
44427
44519
44502
44611
44602
44580
44810
45112
45406
45504
45744
45949
46086
46134
46129
46195
46200
46147
46206
46177
46127
46100
46049
46116
46055
46050
46093
46054
46110
46040
45986
46037
45871
45919
45855
45908
45874
45829
45895
45855
45821
45881
45825
45788
45829
45774
45803
45759
45716
45668
45617
45669
45518
45477
45530
45483
45356
45295
45257
45081
44995
44826
44747
44576
44500
44435
44486
44434
44273
44213
44197
44115
44080
44049
44007
43751
43566
43196
43053
42891
42832
42774
42737
42675
42528
42424
42254
42246
42076
41849
41500
41239
41176
41021
40970
41005
40825
40772
40727
40674
40598
40549
40596
40446
40497
40443
40192
39968
39709
39532
39378
39114
38979
38859
38839
38903
38853
38803
38863
38804
38744
38801
38729
38770
38723
38761
38697
38767
38716
38790
38754
38707
38758
38787
38718
38768
38713
38662
38705
38645
38691
38648
38590
38642
38595
38637
38704
38649
38634
38672
38613
38657
38600
38661
38617
38661
38620
38588
38644
38594
38653
38622
38686
38636
38682
38742
38690
38640
38698
38753
38705
38644
38712
38656
38614
38667
38607
38652
38709
38647
38703
38625
38563
38623
38571
38653
38598
38547
38604
38545
38484
38539
38490
38543
38515
38461
38529
38574
38543
38583
38532
38591
38540
38588
38533
38599
38540
38501
38465
38530
38481
38532
38484
38433
38408
38448
38392
38438
38350
38409
38358
38387
38343
38403
38346
38400
38358
38483
38434
38409
38449
38410
38451
38400
38513
38553
38513
38548
38577
38542
38591
38534
38589
38552
38603
38569
38532
38581
38526
38551
38506
38543
38519
38572
38517
38557
38490
38439
38516
38468
38514
38459
38410
38458
38490
38445
38480
38431
38381
38439
38396
38491
38514
38578
38520
38566
38532
38566
38516
38563
38530
38590
38626
38583
38621
38566
38532
38582
38529
38585
38505
38549
38493
38537
38498
38557
38509
38545
38488
38427
38477
38437
38472
38419
38480
38454
38511
38457
38516
38464
38503
38463
38586
38519
38458
38527
38568
38518
38578
38533
38586
38517
38577
38570
38643
38590
38686
38543
38627
38614
38690
38644
38709
38697
38639
38693
38663
38712
38663
38720
38653
38710
38653
38699
38632
38673
38625
38594
38651
38681
38631
38690
38629
38676
38629
38674
38709
38668
38634
38708
38675
38762
38773
38867
38841
38897
38843
38889
38839
38888
38837
38791
38742
38668
38724
38786
38750
38824
38791
38907
38859
38807
38931
38864
38934
38898
38969
38937
38992
38949
39008
39049
38993
39060
39053
39005
39070
39112
39053
39088
39050
39110
39068
39131
39094
39072
39138
39108
39182
39167
39236
39221
39187
39195
39256
39214
39245
39194
39234
39175
39240
39199
39233
39161
39104
39149
39111
39066
39031
39055
39016
38933
38990
38932
38992
38948
38900
38949
38883
38917
38873
38941
38917
38968
38997
38938
39021
38976
38932
38991
38940
38960
39022
38975
38932
38970
39048
38986
38947
38999
39037
38983
38933
38896
38943
38880
39070
39005
39058
39000
39047
39005
39080
39009
39050
38994
39045
39017
38986
38973
38926
39072
39014
38965
39041
38997
38947
39001
38978
39038
39000
39076
39048
39105
39045
38984
39031
38982
39070
39091
39178
39128
39191
39127
39102
39201
39155
39092
39161
39176
39126
39105
39174
39104
39156
39124
39195
39181
39245
39204
39264
39240
39306
39369
39316
39391
39364
39312
39384
39329
39405
39390
39436
39381
39444
39409
39513
39477
39527
39585
39550
39539
39576
39530
39589
39524
39568
39527
39586
39542
39626
39591
39669
39606
39559
39616
39569
39612
39546
39601
39442
39484
39519
39461
39420
39464
39333
39388
39351
39400
39356
39396
39342
39473
39415
39462
39422
39484
39449
39387
39452
39304
39347
39307
39247
39308
39271
39317
39274
39235
39291
39259
39208
39279
39248
39308
39258
39292
39262
39224
39179
39234
39200
39149
39235
39211
39167
39240
39191
39111
39162
39106
39059
39117
39114
39163
39110
39043
39004
39124
39067
39097
39041
38992
39056
38997
38949
39015
39013
39079
39020
39009
39085
39080
39124
39102
39038
38982
39038
39011
39056
39014
38947
38993
38970
39047
39044
39177
39157
39148
39278
