579
990
1364
1707
2067
2432
2785
3170
3553
3885
4240
4596
4946
5297
5670
6001
6354
6695
7057
7412
7770
8132
8501
8857
9195
9498
9882
10245
10608
10964
11320
11679
12027
12407
12752
13105
13472
13807
14175
14524
14858
15219
15558
15925
16293
16672
17032
17382
17733
18096
18447
18827
19183
19534
19900
20247
20600
20943
21289
21647
21983
22341
22715
23113
23471
23818
24173
24518
24857
25196
25555
25903
26253
26601
26957
27320
27677
28044
28448
28796
29163
29529
29867
30238
30604
30941
31281
31642
32010
32373
32751
33117
33472
33828
34185
34525
34889
35249
35610
35962
36318
36684
37067
37428
37794
38180
38535
38893
39250
39309
39385
39320
39274
39321
39272
39318
39275
39329
39287
39329
39297
39244
39290
39255
39217
39283
39229
39195
39167
39227
39183
39225
39217
39177
39230
39191
39248
39212
39174
39221
39327
39391
39351
39416
39378
39334
39422
39350
39390
39333
39393
39342
39305
39361
39344
39467
39416
39459
39422
39481
39457
39419
39460
39407
39353
39444
39414
39483
39408
39441
39380
39435
39391
39462
39416
39379
39447
39390
39348
39302
39364
39331
39373
39330
39278
39344
39336
39393
39347
39299
39372
39316
39290
39341
39281
39316
39287
39358
39323
39276
39343
39294
39243
39301
39267
39200
39251
39200
39152
39205
39157
39212
39158
39223
39171
39222
39158
39125
39176
39251
39179
39129
39210
39152
39198
39152
39208
39164
39152
39210
39155
39228
39203
39180
39222
39178
39257
39229
39188
39241
39091
39126
39074
39018
39057
39018
38956
39025
38971
39017
38975
39049
39018
39087
39038
38996
38936
39004
38957
38894
38930
38909
38954
38919
38979
38945
38894
38939
38924
38986
39058
39007
38984
39022
38980
39027
38995
39051
39036
39107
39045
39004
39073
39026
39063
39024
38979
39028
38995
39047
38997
38953
39004
38951
39137
39079
39120
39072
39064
39127
39096
39159
39120
39090
39142
39104
39166
39111
39148
39088
39169
39126
39186
39128
39171
39134
39205
39161
39223
39196
39264
39223
39171
39215
39190
39237
39204
39261
39198
39158
39216
39159
39120
39070
39132
39061
39108
39086
39031
39081
39029
39088
39049
39112
39064
39114
39075
39139
39085
39130
39083
39130
39091
39045
39099
39039
39106
39030
39079
39045
39100
39063
39101
39057
39111
39064
39009
39059
39015
38991
39055
38991
38962
39003
38948
39012
38962
39011
38979
38939
38988
38923
38880
38945
38990
38944
38919
38977
39000
39056
39009
39062
39024
39071
38896
38954
38924
38966
38924
38861
38897
38869
38837
38889
38829
38891
38837
38880
38839
38887
38814
38853
38805
38844
38811
38758
38805
38766
38827
38778
38716
38755
38734
38782
38747
38787
38726
38675
38744
38708
38781
38733
38789
38731
38794
38750
38803
38759
38799
38748
38815
38762
38727
38774
38735
38796
38754
38708
38765
38794
38742
38686
38726
38683
38755
38707
38747
38695
38744
38700
38760
38704
38755
38709
38664
38724
38716
38764
38737
38783
38739
38798
38752
38730
38785
38749
38824
38753
38817
38781
38841
38815
38866
38811
38767
38844
38789
38740
38705
38779
38723
38762
38714
38686
38742
38700
38762
38718
38671
38727
38767
38722
38658
38719
38670
38743
38684
38741
38680
38725
38793
38732
38795
38740
38782
38741
38770
38711
38681
38741
38807
38749
38713
38778
38750
38818
38759
38812
38773
38823
38797
38764
38830
38796
38840
38790
38837
38794
38840
38814
38874
38819
38848
38807
38837
38912
38854
38918
38872
38928
38874
38926
38977
38921
38876
38932
38881
38946
38901
38968
38924
38972
38926
38989
38957
38992
38925
38860
38923
38870
38833
38892
38827
38893
38864
38897
38867
38924
38883
38819
38886
38838
38889
38845
38933
38888
38837
38907
38884
38849
38899
38945
38925
38894
38951
38908
38957
38919
38977
38944
38999
38937
39015
38986
39050
38997
39070
39042
39117
39080
39044
39101
39045
39096
39050
39106
39063
39117
39063
39124
39073
39186
39143
39104
39174
39131
39104
39176
39121
39175
39137
39087
39164
39119
39180
39127
39186
39157
39222
39189
39135
39179
39217
39167
39123
39088
39054
39125
39078
39127
39077
39130
39065
39133
39068
39107
39053
39117
39070
39009
39055
39006
39047
39008
38991
39073
39141
39098
39163
39094
39153
39097
39159
39130
39087
39143
39110
39162
39104
39139
39090
39056
39098
39073
39031
39097
39071
39120
39079
39059
39127
39070
39152
39089
39047
39095
39053
39097
39112
39166
39140
39098
39159
39114
39060
39113
39073
39009
39042
38992
39058
39023
38962
39026
38984
39038
38999
39056
39025
39094
39037
39014
38958
39012
38978
39021
38973
38923
38969
38923
38876
38934
38892
38935
38874
38940
38951
38983
38936
38998
38935
38994
38955
39013
38976
39025
38970
38928
38970
38931
38978
38929
39003
38980
39036
39182
39131
39089
39145
39187
39148
39107
39174
39115
39179
39135
39105
39152
39110
39175
39115
39060
39108
39058
39116
39141
39086
39134
39097
39172
39244
39224
39183
39227
39188
39132
39191
39162
39220
39176
39139
39188
39130
39182
39131
39193
39145
39202
39062
39147
39104
39175
39130
39095
39144
39094
39144
39100
39150
39093
39155
39101
39152
39102
39144
39107
39069
39120
39061
39013
39061
39015
39072
39037
39113
39062
39127
39074
39123
39079
39112
39084
39142
39107
39158
39104
39046
39012
39091
39071
39124
39073
39125
39076
39041
39107
39072
39128
39168
39109
39075
39123
39117
39162
39119
39067
39028
39076
39027
39077
39037
38997
39068
39033
39105
39043
39017
39092
39046
39115
39095
39160
39109
39152
39113
39084
39153
39105
39148
39097
39050
39098
39046
39109
39057
39008
39062
39021
38985
39046
38999
39037
39017
39100
39078
39138
39105
39172
39110
39055
39113
39061
38995
39053
39016
39074
39033
39104
39091
39148
39102
39157
39092
39163
39114
39160
39099
39162
39109
39175
39118
39164
39124
39182
39132
39082
39053
39118
39084
39205
39262
39220
39177
39230
39192
39232
39182
39117
39175
39124
39074
39141
39106
39168
39134
39187
39146
39112
39147
39195
39122
39082
39052
39119
39078
39151
39100
39158
39111
39185
39135
39078
39140
39082
39020
39074
39026
38989
39044
38994
38957
39013
38961
39008
38941
38980
38922
38885
38948
38911
38972
38916
38982
38935
39004
38979
38949
38979
38928
38961
38903
38961
38915
38888
38831
38892
38841
38875
38835
38879
