547
516
490
461
439
413
389
358
332
298
271
244
224
195
170
142
116
91
65
38
2
2318
2297
2269
2242
2214
2188
2162
2137
2111
2087
2057
2031
2002
1978
1954
1929
1894
1869
1840
1813
185
157
132
106
80
56
31
5
2480
2455
2427
2401
2380
2354
2329
2303
2275
2247
2221
2200
2174
2148
2125
2094
2071
2033
2006
1980
148
129
103
75
50
23
2395
2371
2349
2325
2303
2275
2244
2212
2186
2154
2129
2100
2073
2050
2025
1996
1962
1917
1896
1866
141
109
88
65
37
16
2424
2402
2374
2347
2318
2287
2259
2232
2208
2184
2156
2134
2107
2080
2048
2018
1987
1962
1937
1908
181
159
132
106
84
60
33
6
2455
2430
2403
2377
2350
2324
2296
2267
2243
2220
2194
2166
2137
2111
2081
2055
2029
1992
1965
1938
111
88
62
37
17
2385
2360
2335
2310
2284
2264
2239
2213
2184
2154
2128
2103
2076
2048
2020
1990
1959
1930
1904
1881
155
133
109
86
62
36
14
2580
2560
2533
2510
2487
2460
2434
2407
2379
2353
2326
2303
2275
2253
2225
2199
2171
2146
2120
2096
167
147
116
90
64
39
12
2426
2399
2374
2349
2322
2298
2275
2248
2223
2198
2172
2152
2125
2096
2077
2057
2030
2003
1977
1953
123
102
74
52
27
0
2458
2433
2413
2386
2359
2329
2301
2272
2246
2223
2201
2173
2151
2124
2097
2068
2038
2007
1986
1958
135
112
86
59
34
9
2402
2373
2347
2326
2295
2269
2244
2222
2193
2167
2139
2112
2084
2058
2032
2004
1979
1956
1932
1906
176
154
133
107
80
53
25
2428
2401
2373
2346
2324
2299
2272
2248
2225
2199
2173
2147
2121
2094
2068
2044
2017
1988
1962
1936
108
87
58
38
15
2398
2371
2345
2319
2290
2259
2232
2206
2180
2154
2132
2105
2079
2053
2028
1993
1971
1944
1916
1884
151
132
104
76
47
20
2503
2474
2447
2421
2397
2366
2338
2311
2289
2264
2242
2219
2191
2165
2138
2112
2086
2060
2037
2012
189
166
145
120
94
67
42
13
2448
2421
2385
2363
2335
2307
2280
2258
2230
2208
2182
2160
2139
2114
2088
2063
2038
2013
1986
1967
134
114
92
65
36
10
2386
2362
2335
2309
2281
2252
2215
2194
2170
2141
2115
2090
2064
2038
2016
1995
1973
1943
1920
1900
177
155
128
96
75
48
22
2424
2404
2384
2357
2330
2308
2282
2255
2232
2210
2187
2162
2135
2113
2093
2066
2042
2014
1988
1961
133
111
88
69
43
19
2445
2419
2393
2369
2338
2313
2290
2270
2241
2220
2193
2156
2132
2105
2078
2056
2030
2004
1979
1923
199
176
150
125
98
70
38
14
2464
2438
2415
2392
2364
2345
2319
2293
2263
2238
2214
2183
2161
2143
2121
2093
2067
2049
2020
1994
165
143
120
94
70
42
16
2464
2439
2412
2384
2356
2330
2307
2282
2252
2225
2200
2174
2149
2123
2101
2075
2052
2025
2000
1975
148
125
101
70
49
26
2400
2371
2345
2323
2296
2270
2250
2227
2200
2175
2151
2125
2104
2078
2047
2022
1993
1968
1936
1910
184
164
139
114
92
73
46
24
2513
2488
2467
2441
2414
2388
2361
2333
2312
2289
2270
2250
2225
2200
2171
2148
2121
2092
2073
2048
120
100
79
54
31
0
2409
2383
2364
2341
2318
2297
2272
2244
2219
2196
2170
2142
2113
2092
2062
2040
2013
1986
1961
1940
110
84
52
25
2315
2285
2266
2246
2225
2200
2175
2154
2128
2101
2076
2051
2024
1999
1974
1954
1928
1900
1879
1853
129
107
82
53
25
1
2348
2322
2300
2267
2236
2207
2180
2154
2131
2108
2084
2057
2038
1992
1967
1939
1915
1890
1869
1844
115
93
64
37
11
2419
2390
2362
2333
2307
2282
2262
2237
2211
2184
2159
2138
2114
2088
2068
2041
2016
1995
1970
1945
117
96
71
48
28
2360
2334
2309
2274
2247
2214
2185
2161
2141
2113
2085
2064
2039
2012
1988
1965
1940
1912
1885
1858
136
114
87
62
33
7
2402
2376
2346
2318
2289
2269
2247
2217
2188
2162
2141
2120
2091
2072
2048
2022
2003
1976
1951
1927
102
80
53
23
2
2324
2298
2271
2245
2219
2192
2160
2141
2111
2086
2059
2031
2003
1977
1956
1930
1909
1889
1868
1845
119
98
72
47
20
2638
2612
2588
2561
2541
2519
2491
2471
2443
2416
2396
2370
2345
2323
2295
2269
2244
2217
2195
2168
139
118
89
63
41
13
2411
2383
2357
2331
2310
2284
2259
2243
2220
2191
2167
2143
2116
2087
2066
2036
2017
1994
1965
1943
115
93
72
48
23
2450
2427
2408
2380
2355
2329
2300
2276
2248
2222
2202
2175
2151
2115
2089
2064
2037
2017
1988
1961
131
111
82
61
30
2
2351
2326
2300
2275
2255
2224
2197
2171
2150
2125
2100
2071
2044
2016
1989
1965
1943
1916
1896
1872
145
123
98
71
46
18
2452
2426
2400
2371
2352
2331
2305
2280
2253
2227
2199
2174
2153
2124
2096
2071
2045
2015
1994
1966
136
113
92
65
39
10
2404
2378
2348
2319
2291
2265
2241
2220
2193
2167
2138
2112
2090
2068
2047
2021
1994
1973
1951
1931
104
83
52
28
2
2361
2334
2308
2283
2256
2230
2200
2174
2147
2121
2093
2061
2037
2007
1979
1952
1930
1908
1884
1859
130
110
87
63
45
21
2422
2394
2374
2346
2319
2293
2269
2243
2214
2190
2169
2142
2115
2088
2060
2033
2007
1986
1960
1934
104
84
63
42
21
0
2410
2383
2358
2336
2311
2284
2259
2233
2207
2182
2154
2130
2103
2077
2054
2026
1996
1971
1946
1915
193
168
146
118
93
64
43
21
2509
2482
2456
2429
2400
2374
2348
2317
2294
2266
