554
530
509
489
469
451
431
412
389
369
349
331
308
290
268
249
229
210
189
169
148
125
106
85
64
44
26
5
2362
2344
2325
2306
2286
2265
2246
2227
2206
2187
2167
2148
2128
2106
2086
2067
2048
2027
2006
1988
1967
1945
1923
1904
1883
1864
1843
1822
1801
1783
1756
1737
1717
1698
1675
1655
1635
1615
1595
1576
1550
1530
1509
1490
1468
1449
1429
1409
1385
1356
3369
3349
3329
3309
3292
3270
3244
3222
3204
3180
3158
3137
3116
3093
3067
3040
3019
2997
2973
2949
2926
2906
2883
2860
2840
2818
2799
2772
2751
2729
2711
2692
2672
2634
2616
2596
2578
2555
2536
2517
2493
2473
2455
2435
2409
2382
2354
2333
2277
2257
4237
4219
4198
4181
4160
4138
4114
4094
4077
4059
4037
4017
3996
3973
3953
3932
3910
3887
3866
3845
3821
3798
3778
3755
3732
3710
3689
3668
3646
3622
3601
3580
3557
3528
3509
3490
3469
3454
3432
3409
3388
3370
3347
3327
3306
3287
3264
3242
3224
3202
5000
4980
4955
4933
4913
4892
4872
4849
4828
4809
4788
4769
4749
4730
4708
4687
4667
4647
4622
4600
4580
4561
4538
4512
4492
4472
4454
4434
4412
4393
4373
4354
4333
4311
4293
4270
4250
4230
4212
4194
4173
4144
4122
4101
4080
4061
4040
4021
4001
3981
4988
4968
4944
4925
4905
4886
4865
4845
4823
4803
4783
4759
4737
4719
4701
4681
4659
4641
4621
4600
4579
4558
4539
4519
4498
4469
4450
4418
4397
4376
4355
4327
4294
4275
4253
4233
4208
4189
4169
4149
4129
4108
4084
4063
4042
4021
4000
3979
3953
3931
5015
4994
4968
4942
4916
4895
4876
4857
4836
4817
4796
4776
4755
4736
4710
4689
4668
4649
4628
4609
4587
4569
4550
4526
4507
4487
4465
4445
4425
4404
4385
4366
4349
4328
4304
4283
4262
4236
4215
4188
4166
4140
4120
4095
4061
4032
4008
3986
3967
3947
4871
4848
4821
4796
4772
4752
4733
4713
4695
4677
4658
4638
4618
4598
4578
4556
4537
4518
4499
4478
4452
4434
4414
4394
4374
4347
4327
4307
4287
4268
4247
4228
4208
4187
4167
4145
4125
4107
4084
4061
4040
4019
3997
3979
3937
3916
3891
3871
3851
3833
4991
4970
4946
4920
4893
4873
4853
4832
4813
4795
4775
4754
4736
4717
4691
4666
4643
4623
4604
4584
4566
4547
4527
4507
4489
4467
4446
4422
4399
4378
4357
4328
4305
4285
4264
4242
4223
4200
4178
4155
4136
4113
4094
4072
4051
4026
4007
3987
3966
3944
4960
4940
4912
4887
4864
4833
4814
4788
4768
4748
4723
4704
4683
4661
4641
4620
4601
4574
4552
4531
4512
4492
4471
4452
4423
4402
4383
4359
4331
4313
4293
4272
4252
4231
4203
4183
4164
4144
4126
4101
4079
4051
4031
4009
3984
3964
3941
3917
3897
3873
4852
4832
4807
4786
4763
4743
4723
4704
4684
4665
4645
4623
4604
4586
4565
4546
4526
4506
4486
4463
4440
4421
4403
4377
4357
4336
4315
4295
4274
4256
4237
4217
4197
4179
4158
4140
4120
4099
4081
4060
4039
4012
3994
3976
3954
3928
3907
3883
3863
3843
4870
4848
4824
4801
4781
4763
4742
4720
4698
4680
4660
4641
4620
4599
4580
4549
4529
4509
4490
4471
4451
4432
4410
4388
4364
4345
4324
4304
4284
4262
4240
4221
4202
4183
4169
4148
4122
4101
4081
4056
4037
4014
3996
3973
3951
3926
3909
3877
3857
3838
4893
4873
4849
4822
4795
4775
4754
4734
4707
4688
4658
4635
4614
4594
4574
4553
4532
4512
4492
4470
4449
4426
4406
4386
4365
4344
4328
4306
4287
4265
4243
4221
4195
4173
4152
4130
4110
4084
4066
4045
4024
4003
3983
3962
3939
3918
3897
3877
3851
3832
4842
4822
4795
4769
4746
4726
4706
4687
4667
4647
4625
4605
4585
4565
4545
4519
4496
4468
4442
4414
4387
4368
4348
4327
4307
4287
4267
4248
4229
4208
4188
4166
4146
4120
4100
4078
4052
4028
4009
3990
3966
3939
3920
3898
3879
3859
3840
3814
3790
3769
4894
4873
4847
4828
4805
4785
4766
4748
4729
4708
4688
4671
4652
4632
4612
4594
4571
4549
4525
4501
4478
4460
4438
4418
4396
4376
4349
4329
4311
4288
4268
4238
4218
4195
4173
4152
4130
4111
4088
4062
4035
4016
3997
3976
3956
3931
3909
3889
3868
3839
4995
4973
4953
4930
4905
4885
4866
4846
4828
4801
4781
4754
4736
4717
4687
4666
4647
4624
4602
4577
4556
4530
4511
4485
4466
4447
4428
4408
4389
4369
4349
4327
4308
4285
4266
4247
4230
4206
4186
4167
4147
4118
4097
4068
4049
4030
4009
3988
3970
3949
4903
4881
4862
4836
4812
4791
4770
4747
4728
4710
4680
4662
4643
4624
4605
4586
4567
4546
4524
4503
4479
4458
4436
4415
4393
4374
4355
4335
4305
4284
4263
4244
4221
4203
4181
4160
4142
4121
4096
4074
4052
4031
4007
3981
3958
3932
3913
3889
3868
3849
4837
4817
4788
4764
4739
4719
4699
4679
4660
4641
4615
4595
4576
4557
4537
4516
4496
4475
4456
4437
4412
4393
4373
4355
4334
4316
4296
4273
4248
4223
4196
4171
4149
4125
4106
4084
4063
4042
4018
3995
3977
3954
3935
3913
3894
3876
3856
3837
3809
3789
4844
4824
4799
4774
4750
4731
4710
4690
4671
4653
4631
4609
4590
4568
4548
4529
4508
4488
4465
4444
4424
4403
4385
4363
4342
4322
4293
4273
4253
4233
4213
4192
4172
4150
4131
4113
4091
4071
4051
4032
4012
3991
3966
3949
3925
3906
3884
3865
3838
3816
4811
4791
4767
4740
4716
4695
4674
4654
4634
4605
4578
4559
4531
4511
4491
4471
4451
4429
4405
4384
4364
4344
4325
4307
4288
4268
4247
4225
4200
4179
4156
4137
4117
4095
4077
4057
4035
4016
3992
3972
3944
3918
3897
3876
3856
3833
3809
3790
3764
3744
5014
4990
4966
4942
4917
4898
4877
4855
4835
4815
4795
4775
4757
4735
4715
4687
4667
4647
4623
4595
4570
4539
