513
492
466
438
414
384
355
330
303
275
250
224
198
170
149
122
97
71
44
19
2167
2145
2118
2091
2067
2040
2018
1991
1965
1936
1909
1883
1858
1832
1807
1779
1759
1734
1709
1683
1659
1631
1606
1578
1553
1526
1499
1473
1443
1415
1388
1363
1339
1311
1281
1255
1232
1204
1180
1154
1129
1102
1076
1049
1022
998
971
944
915
887
3085
3061
3037
3011
2986
2961
2936
2914
2887
2861
2833
2805
2782
2760
2735
2709
2683
2662
2642
2614
2587
2567
2541
2501
2475
2450
2428
2403
2376
2354
2325
2299
2274
2247
2217
2189
2168
2143
2118
2096
2068
2047
2025
2000
1972
1948
1924
1898
1877
1855
4096
4066
4040
4013
3992
3966
3942
3918
3893
3868
3841
3813
3783
3758
3738
3709
3680
3652
3626
3600
3573
3545
3520
3496
3469
3435
3410
3384
3358
3334
3305
3279
3252
3226
3196
3173
3147
3124
3099
3073
3050
3022
2994
2962
2937
2907
2882
2854
2827
2802
4975
4954
4926
4898
4871
4842
4817
4792
4764
4735
4707
4678
4655
4630
4607
4581
4560
4535
4509
4482
4455
4427
4405
4378
4353
4327
4302
4278
4252
4224
4198
4172
4147
4119
4093
4058
4031
4005
3978
3952
3928
3902
3876
3849
3822
3792
3765
3739
3712
3691
5370
5349
5322
5296
5268
5242
5214
5189
5160
5131
5103
5077
5054
5033
5009
4988
4962
4942
4923
4896
4874
4852
4827
4797
4773
4745
4719
4694
4671
4644
4620
4590
4563
4534
4509
4474
4446
4418
4394
4373
4349
4323
4301
4274
4246
4220
4195
4170
4148
4129
5513
5488
5462
5434
5408
5385
5360
5334
5309
5281
5254
5224
5195
5170
5140
5112
5086
5058
5037
5010
4983
4959
4933
4907
4882
4856
4829
4803
4779
4750
4721
4692
4665
4640
4610
4582
4555
4531
4509
4487
4462
4435
4413
4387
4363
4338
4311
4286
4261
4235
5438
5419
5389
5363
5340
5320
5301
5275
5254
5227
5204
5178
5152
5122
5095
5066
5045
5019
4992
4973
4946
4920
4893
4866
4840
4814
4793
4766
4740
4714
4692
4668
4647
4617
4590
4562
4536
4509
4487
4464
4439
4411
4381
4359
4333
4306
4286
4266
4244
4221
5584
5562
5542
5515
5492
5468
5446
5417
5384
5356
5329
5306
5285
5259
5228
5201
5174
5153
5126
5100
5072
5046
5020
4996
4976
4945
4917
4892
4869
4843
4813
4787
4759
4734
4708
4682
4663
4638
4612
4585
4559
4537
4508
4481
4455
4428
4402
4375
4349
4322
5680
5653
5627
5599
5574
5548
5522
5496
5475
5450
5424
5397
5371
5350
5320
5300
5279
5254
5227
5186
5162
5136
5110
5083
5056
5030
5010
4984
4962
4935
4912
4883
4855
4830
4805
4782
4752
4725
4700
4674
4649
4626
4600
4579
4557
4534
4509
4484
4456
4435
5336
5314
5288
5267
5239
5213
5186
5158
5132
5109
5083
5046
5024
4994
4972
4942
4921
4898
4872
4847
4822
4797
4767
4742
4720
4693
4674
4650
4626
4599
4572
4545
4521
4499
4478
4452
4428
4403
4377
4352
4324
4296
4267
4240
4212
4185
4156
4127
4100
4072
5338
5316
5292
5264
5239
5213
5191
5164
5139
5119
5093
5067
5041
5015
4989
4965
4937
4912
4890
4864
4842
4815
4787
4767
4746
4721
4700
4681
4657
4627
4599
4573
4547
4523
4500
4473
4448
4423
4396
4364
4339
4311
4283
4259
4233
4207
4178
4150
4123
4094
5328
5308
5277
5255
5234
5208
5179
5151
5125
5099
5068
5042
5013
4986
4961
4936
4911
4890
4864
4840
4814
4785
4763
4737
4709
4681
4653
4629
4606
4581
4555
4528
4506
4478
4456
4433
4410
4385
4357
4329
4305
4288
4259
4233
4209
4184
4156
4130
4100
4071
5382
5350
5328
5300
5274
5247
5221
5192
5164
5136
5111
5090
5064
5044
5016
4990
4965
4940
4915
4894
4868
4843
4818
4791
4764
4743
4717
4692
4669
4642
4613
4589
4563
4539
4513
4488
4464
4444
4416
4394
4373
4345
4317
4288
4261
4234
4206
4180
4154
4128
5423
5404
5379
5354
5330
5301
5275
5252
5229
5202
5181
5160
5138
5112
5088
5057
5040
5012
4986
4957
4935
4910
4888
4861
4837
4811
4781
4755
4730
4703
4675
4648
4622
4597
4574
4548
4521
4504
4483
4457
4431
4401
4377
4356
4327
4302
4277
4251
4223
4199
5459
5435
5409
5387
5361
5333
5308
5282
5256
5227
5205
5179
5143
5117
5091
5066
5039
5010
4981
4953
4921
4890
4866
4843
4817
4792
4766
4745
4718
4689
4650
4625
4598
4576
4547
4521
4497
4470
4444
4419
4398
4374
4352
4330
4312
4287
4260
4230
4209
4184
5437
5415
5390
5363
5342
5319
5293
5266
5244
5217
5192
5167
5146
5122
5098
5070
5044
5017
4996
4967
4942
4913
4887
4855
4826
4806
4784
4759
4734
4709
4683
4660
4637
4613
4586
4559
4531
4508
4481
4456
4428
4399
4377
4353
4326
4302
4275
4241
4220
4191
5396
5355
5332
5305
5278
5252
5217
5191
5164
5134
5114
5087
5060
5033
5017
4989
4968
4944
4920
4897
4875
4850
4823
4797
4771
4745
4721
4694
4668
4639
4609
4582
4562
4536
4512
4492
4465
4440
4406
4379
4353
4326
4299
4270
4244
4216
4189
4162
4136
4112
5306
5283
5262
5237
5215
5194
5168
5148
5123
5096
5074
5049
5023
5002
4977
4949
4928
4906
4880
4858
4829
4807
4786
4759
4734
4708
4680
4654
4627
4602
4579
4553
4528
4505
4477
4449
4428
4403
4377
4351
4326
4298
4273
4247
4231
4207
4184
4156
4131
4102
5308
5286
5261
5233
5206
5178
5154
5129
5104
5080
5053
5026
5000
4974
4952
4927
4898
4872
4845
4824
4797
4771
4746
4719
4691
4664
4636
4609
4580
4555
4533
4509
4486
4456
4431
4403
4367
4340
4312
4284
4261
4239
4218
4192
4166
4141
4118
4091
4065
4038
5407
5387
5360
5334
5312
5293
5266
5244
5216
5186
5162
5134
5112
5085
5061
5034
5007
4979
4959
4938
4917
4894
4868
4841
4819
4796
4771
4746
4724
4704
