560
945
1306
1671
2021
2376
2723
3081
3432
3786
4147
4502
4867
5207
5566
5929
6282
6652
7023
7360
7709
8054
8425
8808
9176
9534
9883
10228
10586
10953
11283
11645
11999
12357
12714
13064
13397
13726
14081
14439
14801
15161
15511
15869
16223
16576
16939
17284
17638
17986
18356
18704
19077
19431
19771
20134
20495
21051
21419
21788
22150
22516
22841
23208
23372
23431
23375
23427
23397
23460
23418
23476
23419
23469
23424
23470
23417
23383
23498
23452
23511
23439
23492
23441
23398
23451
23399
23464
23419
23459
23407
23454
23409
23466
23423
23471
23418
23491
23436
23484
23443
23484
23467
23519
23492
23565
23513
23611
23556
23620
23582
23524
23587
23553
23596
23537
23590
23350
23415
23363
23316
23374
23429
23386
23331
23392
23349
23392
23337
23385
23336
23281
23339
23293
23377
23333
23399
23348
23299
23342
23298
23349
23282
23341
23290
23267
23321
23262
23328
23280
23342
23338
23402
23348
23409
23370
23508
23451
23402
23465
23402
23444
23413
23377
23440
23378
23444
23374
23323
23375
23321
23369
23299
23244
23542
23487
23544
23511
23467
23528
23484
23526
23455
23485
23429
23476
23431
23469
23415
23472
23414
23467
23447
23493
23436
23385
23330
23377
23335
23380
23318
23351
23415
23355
23394
23342
23296
23345
23293
23355
23303
23274
23231
23288
23244
23289
23149
23195
23175
23234
23278
23220
23179
23239
23199
23259
23189
23228
23172
23227
23163
23220
23170
23244
23069
23128
23072
23026
23102
23059
23123
23077
23111
23172
23126
23183
23156
23209
23152
23194
23151
23210
23134
23075
23152
23094
23138
23172
23113
23169
23120
23188
23155
23212
23163
23252
23182
23243
23190
23245
23187
23241
23180
23119
23154
23195
23134
23066
23119
23080
23139
23086
23135
23093
23045
23113
23061
23138
23184
23155
23218
23166
23200
23158
23086
23040
23107
23075
23025
23074
23065
23118
23072
23167
23111
23209
23177
23128
23186
23261
23241
23228
23338
23433
23384
23462
23425
23468
23422
23477
23434
23495
23456
23540
23491
23445
23546
23516
23601
23551
23611
23559
23630
23686
23644
23687
23631
23700
23664
23716
23670
23726
23667
23726
23670
23706
23685
23639
23663
23636
23707
23695
23740
23700
23754
23704
23748
23695
23652
23692
23645
23596
23656
23596
23647
23593
23529
23470
23523
23490
23431
23478
23332
23276
23334
23310
23271
23325
23253
23305
23236
23280
23235
23207
23262
23222
23164
23133
23185
23140
23152
23219
23161
23206
23138
23208
23147
23200
23148
23115
23164
23118
23169
23112
23153
23247
23207
23149
23207
23152
23197
23162
23094
23156
23105
23183
23111
23172
23141
23207
23164
23224
23168
23213
23179
23127
23202
23285
23277
23228
23285
23256
23302
23346
23307
23262
23218
23288
23346
23306
23368
23338
23416
23383
23456
23384
23450
23394
23341
23397
23346
23341
23415
23388
23450
23428
23538
23511
23569
23545
23613
23572
23616
23583
23660
23619
23573
23696
23670
23752
23717
23694
23764
23720
23762
23719
23767
23725
23678
23729
23677
23913
23871
23920
23860
23922
23884
23862
23813
23845
23782
23823
23799
23845
23816
23884
23868
23819
23885
23832
23882
23826
23792
23735
23791
23757
23825
23779
23832
23779
23837
23799
23732
23679
23722
23677
23603
23567
23611
23562
23516
23562
23528
23563
23499
23455
23494
23347
23419
23397
23350
23412
23367
23316
23375
23340
23385
23357
23413
23360
23413
23275
23209
23258
23284
23229
23278
23213
23167
23205
23250
23201
23238
23201
23152
23200
23147
23091
23132
23076
23119
23062
23099
23051
23105
23047
23002
23064
23024
23082
23036
23097
23071
23125
23069
23102
23060
23126
23090
23178
23119
23171
23119
23158
23105
23177
23151
23220
23168
23109
23177
23141
23204
23140
23102
23148
23091
23148
23110
23160
23112
23051
23116
23050
23012
23179
23144
23219
23186
23243
23320
23279
23350
23316
23304
23372
23344
23406
23452
23406
23474
23432
23576
23543
23603
23548
23586
23546
23607
23590
23678
23648
23709
23667
23742
23753
23806
23767
23771
23815
23760
23813
23790
23830
23801
23858
23815
23781
23835
23802
23886
23841
23790
23889
23849
23920
23878
23948
23903
23955
23903
23950
23901
23939
23864
23797
23739
23767
23720
23657
23720
23669
23616
23662
23638
23576
23531
23570
23526
23575
23524
23581
23438
23476
23428
23475
23435
23498
23451
23395
23344
23374
23331
23382
23341
23291
23230
23271
23197
23204
23282
23228
23183
23214
23165
23198
23183
23124
23154
23088
23145
23096
23158
23108
23062
23014
23056
23044
23016
23061
23014
23070
23017
23076
23145
23085
23136
23076
23131
23162
23117
23071
23132
23176
23136
23206
23145
23213
23168
23239
23195
23156
23181
23122
23188
23138
23086
23181
23128
23186
23142
23210
23139
23188
23123
23164
23107
23153
23202
23142
23078
23040
23097
23154
23094
23156
23118
23064
23133
23161
23102
23152
23115
23138
23061
23105
23072
23078
23116
23073
23126
23078
23134
23092
23047
23098
23047
23111
23057
23104
23094
23156
23113
23164
23127
23086
23133
23094
23147
23079
23149
23099
23153
23088
23147
23104
23151
23116
23074
23125
23077
23019
23061
23094
23029
23085
23134
23077
23126
23066
23114
23059
23007
23062
23016
23063
23012
23060
23008
23065
23013
23082
23031
23074
23011
23064
23030
22990
23029
22976
23025
22962
23003
22953
22999
22934
22986
22919
22967
22925
22880
22943
22895
22843
22937
22897
23022
22987
22949
23008
22950
23005
22940
22984
23026
22972
23015
22968
22913
22968
22940
22983
22927
22965
23023
22964
23028
22973
23029
22983
23032
22977
23032
22990
23074
23039
23089
23014
23093
23067
23138
23078
23129
23079
23125
23090
23129
23067
23119
23061
23134
23161
23108
23176
23131
23180
23131
23166
23110
23157
23360
23436
23408
23456
23407
23331
23289
23239
23290
23254
23299
23244
23289
23250
23300
23248
23292
23244
23286
23227
23288
23239
23287
23332
23328
23368
23306
23370
23326
23381
23326
23378
23343
23285
23422
23577
23636
23627
23668
23650
23629
23734
23708
23752
23725
23786
23757
23821
23811
23875
23838
23896
23846
23895
23835
23900
23853
23916
23879
23946
23687
23632
23582
23621
23578
23616
23577
23630
23587
23636
23604
23647
23615
23647
23599
23666
23614
23647
23585
23643
23595
23641
23572
23623
23583
23537
23580
23542
23606
23555
