595
572
550
520
499
478
455
433
411
391
370
350
328
309
290
269
249
228
208
186
164
144
121
98
79
59
37
11
2403
2383
2355
2330
2309
2286
2264
2244
2222
2201
2180
2159
2138
2118
2095
2073
2052
2032
2010
1991
1969
1947
1927
1905
1885
1865
1837
1816
1796
1775
1755
1734
1710
1690
1672
1643
1624
1603
1581
1561
1538
1515
1495
1471
1447
1422
1397
1370
1340
1320
1299
1279
1260
1239
1219
1192
1170
1148
1125
1105
584
557
531
503
478
449
429
408
386
366
344
324
301
281
260
231
211
189
168
148
127
106
87
68
45
23
1
4232
4206
4186
4165
4142
4121
4098
4076
4053
4029
4009
3989
3967
3945
3925
3903
3875
3853
3833
3814
3794
3773
3751
3731
3711
3691
3667
3642
3622
3603
3581
3561
3540
3518
3497
3473
3454
3428
3402
3378
3357
3334
3316
3294
3274
3253
3234
3213
3194
3172
3151
3130
3109
3088
3063
3042
3023
3001
2976
2958
532
511
485
460
434
413
390
370
350
330
310
287
267
247
227
205
186
165
144
120
100
77
56
36
14
4310
4289
4267
4247
4224
4205
4186
4165
4144
4122
4101
4081
4059
4039
4011
3989
3969
3949
3927
3907
3887
3859
3836
3815
3796
3766
3744
3723
3704
3680
3659
3637
3610
3583
3555
3530
3509
3481
3456
3427
3405
3384
3361
3341
3321
3300
3274
3252
3233
3214
3188
3168
3147
3128
3103
3083
3063
3042
3020
2998
575
555
531
510
482
460
438
418
397
376
357
336
314
294
273
253
234
214
192
173
153
128
108
89
68
49
29
6
4298
4278
4260
4238
4219
4198
4178
4147
4126
4106
4085
4063
4043
4023
4003
3983
3962
3942
3921
3902
3881
3861
3839
3820
3791
3772
3750
3728
3707
3686
3666
3645
3623
3602
3575
3555
3537
3518
3496
3476
3456
3435
3413
3393
3373
3347
3325
3306
3291
3271
3244
3223
3203
3183
3163
3140
3120
3098
3078
3058
537
513
491
471
446
425
404
384
362
342
321
303
284
263
241
220
199
179
160
139
118
97
77
56
36
15
4238
4216
4195
4175
4156
4135
4115
4088
4067
4046
4024
4004
3985
3965
3944
3923
3903
3882
3860
3838
3816
3797
3776
3755
3732
3711
3692
3670
3647
3628
3606
3587
3567
3546
3527
3506
3486
3465
3436
3415
3392
3369
3349
3327
3303
3284
3254
3235
3217
3195
3171
3150
3127
3110
3083
3059
3038
3017
2995
2972
548
528
501
463
442
424
402
379
360
341
317
298
278
259
239
220
200
179
160
140
121
101
83
62
40
20
0
4282
4260
4235
4215
4194
4175
4155
4135
4112
4092
4072
4050
4029
4004
3984
3960
3927
3907
3886
3866
3844
3825
3798
3774
3754
3735
3713
3692
3672
3652
3630
3610
3588
3566
3542
3522
3503
3482
3461
3440
3394
3374
3352
3331
3311
3289
3268
3249
3228
3206
3186
3165
3145
3124
3101
3079
3055
3035
3014
2995
571
551
525
500
477
458
435
407
379
354
334
314
293
273
252
232
209
190
167
147
126
105
85
63
44
24
2
4224
4204
4184
4163
4140
4119
4098
4077
4056
4036
4016
3995
3973
3953
3934
3914
3895
3872
3852
3827
3808
3788
3768
3749
3727
3705
3685
3657
3637
3618
3598
3579
3559
3539
3517
3484
3453
3432
3412
3392
3371
3347
3325
3305
3285
3265
3245
3223
3202
3182
3161
3139
3118
3098
3071
3055
3035
3015
2990
2969
547
528
503
478
453
432
412
390
371
353
334
314
293
270
236
217
197
176
154
135
113
94
72
51
29
7
4325
4305
4283
4255
4234
4211
4190
4166
4144
4122
4101
4082
4062
4043
4024
4003
3979
3960
3937
3914
3886
3865
3844
3823
3802
3782
3754
3733
3706
3687
3665
3643
3623
3603
3582
3562
3541
3522
3498
3470
3443
3416
3396
3377
3354
3332
3311
3290
3269
3250
3229
3207
3183
3161
3137
3113
3089
3069
3047
3024
600
580
555
529
501
473
454
432
413
394
374
353
332
304
283
261
241
219
200
178
158
138
115
95
75
39
17
4357
4335
4313
4291
4270
4249
4230
4210
4134
3989
3969
3948
3927
3905
3886
3864
3845
3823
3801
3780
3759
3740
3719
3699
3679
3658
3638
3611
3589
3567
3548
3528
3509
3467
3445
3426
3406
3384
3364
3344
3323
3301
3272
3252
3231
3205
3184
3160
3138
3116
3093
3069
3045
3021
3000
2978
2959
2937
2918
2897
574
554
528
500
476
456
435
411
390
371
349
331
310
291
269
250
229
204
178
145
124
100
79
59
38
15
4180
4161
4140
4119
4099
4079
4057
4036
4016
3997
3978
3956
3934
3913
3895
3874
3854
3831
3810
3790
3770
3748
3728
3706
3686
3663
3644
3622
3600
3578
3557
3536
3515
3495
3474
3453
3431
3411
3389
3369
3348
3323
3300
3273
3246
3222
3201
3182
3162
3142
3120
3098
3077
3055
3034
3013
2992
2970
2952
2930
509
490
465
442
415
394
374
354
333
312
292
270
252
230
209
190
170
148
126
97
77
57
35
13
4142
4120
4101
4080
4060
4038
4017
3997
3976
3956
3934
3913
3892
3873
3854
3834
3812
3790
3768
3747
3726
3705
3684
3663
3630
3609
3589
3561
3541
3518
3498
3475
3453
3425
3406
3373
3354
3334
3314
3294
3275
3255
3233
3213
3192
3172
3151
3130
3108
3084
3062
3036
3014
2992
2967
2941
2919
2895
2874
2850
526
501
476
452
426
405
384
363
343
318
297
269
250
229
206
186
167
140
119
100
80
60
39
19
4139
4118
4099
4080
4059
4040
4020
3994
3972
3952
3932
3913
3893
3873
3851
3832
3811
3782
3760
3740
3719
3697
3675
3657
3635
