569
937
1288
1637
1983
2330
2699
3128
3505
3860
4229
4584
4926
5281
5650
5975
6324
6685
7032
7384
7749
7792
7735
7781
7716
7776
7740
7704
7652
7686
7641
7676
7629
7663
7601
7653
7611
7669
7615
7662
7602
7648
7627
7693
7626
7673
7656
7618
7685
7743
7703
7762
7719
7768
7707
7761
7731
7706
7766
7713
7775
7831
7793
7736
7804
7755
7712
7756
7725
7772
7722
7672
7717
7679
7739
7691
7708
7658
7624
7713
7678
7717
7661
7718
7679
7723
7664
7705
7652
7727
7689
7720
7682
7730
7685
7737
7680
7741
7696
7637
7698
7684
7747
7709
7668
7731
7779
7715
7772
7748
7697
7762
7716
7765
7715
7751
7702
7750
7716
7754
7720
7667
7728
7684
7738
7688
7633
7693
7668
7731
7692
7634
7695
7637
7684
7722
7669
7722
7680
7728
7678
7605
7677
7630
7667
7612
7669
7628
7562
7614
7575
7628
7602
7648
7605
7655
7590
7697
7641
7696
7633
7695
7859
7925
7864
7907
7844
7905
7858
7912
7849
7907
7846
7884
7832
7902
7863
7816
7881
7830
7887
7839
7619
7670
7625
7678
7625
7680
7643
7712
7664
7730
7669
7743
7792
7752
7675
7720
7670
7698
7648
7716
7660
7633
7688
7638
7693
7640
7694
7658
7708
7662
7702
7640
7586
7624
7575
7636
7599
7634
7693
7645
7698
7683
7619
7670
7619
7650
7601
7671
7638
7705
7669
7711
7667
7787
7733
7791
7742
7800
7745
7809
7743
7692
7745
7700
7748
7793
7748
7711
7751
7686
7657
7704
7653
7610
7646
7589
7624
7573
7625
7589
7635
7584
7632
7589
7631
7604
7659
7604
7637
7598
7670
7621
7683
7636
7706
7667
7729
7675
7731
7663
7745
7702
7752
7703
7761
7706
7758
7700
7773
7736
7694
7742
7702
7758
7697
7743
7691
7751
7705
7765
7703
7643
7690
7651
7700
7657
7694
7649
7620
7738
7704
7822
7780
7809
7923
7944
7893
7949
7892
7879
7940
7991
7940
7977
7940
7882
7937
7875
7923
7874
7826
7790
7744
7804
7648
7681
7611
7653
7605
7545
7617
7570
7620
7581
7631
7598
7641
7604
7672
7661
7708
7655
7702
7649
7695
7747
7699
7748
7691
7750
7690
7740
7692
7745
7686
7635
7678
7617
7642
7590
7549
7607
7552
7606
7566
7616
7578
7602
7578
7624
7582
7649
7569
7611
7580
7638
7696
7654
7728
7736
7773
7725
7781
7767
7819
7764
7820
7759
7797
7728
7790
7747
7802
7751
7800
7739
7684
7730
7685
7630
7687
7641
7598
7661
7600
7643
7573
7630
7590
7640
7593
7666
7626
7574
7625
7687
7628
7688
7642
7705
7656
7692
7640
7607
7672
7725
7691
7732
7663
7716
7677
7713
7659
7612
7663
7604
7670
7618
7663
7600
7623
7562
7615
7543
7615
7552
7599
7549
7606
7561
7627
7569
7625
7569
7633
7672
7627
7580
7672
7732
7790
7844
7790
7851
7830
7889
7864
7918
7869
7824
7877
7856
7933
7923
7982
7934
8008
7982
7939
7901
7914
7842
7864
7788
7812
7755
7709
7753
7672
7710
7663
7715
7643
7587
7537
7594
7558
7513
7565
7520
7569
7520
7575
7635
7584
7657
7609
7657
7624
7683
7635
7684
7738
7690
7739
7683
7636
7680
7617
7666
7603
7659
7586
7641
7600
7662
7609
7651
7572
7530
7602
7551
7597
7553
7602
7558
7691
7621
7681
7731
7669
7749
7691
7742
7711
7764
7720
7758
7716
7804
7767
7825
7775
7833
7787
7845
7715
7786
7731
7777
7740
7684
7743
7702
7736
7682
7747
7770
7704
7658
7626
7697
7647
7704
7653
7719
7683
7755
7720
7678
7718
7664
7750
7706
7749
7711
7766
7690
7749
7792
7770
7718
7760
7706
7753
7707
7646
7699
7646
7607
7653
7733
7677
7631
7685
7630
7684
7643
7707
7656
7696
7654
7704
7641
7847
7800
7859
7821
7850
7799
7841
7793
7775
7821
7781
7815
7799
7895
7852
7914
7876
7930
7878
7933
7797
7782
7723
7795
7848
7805
7868
7843
7894
7830
7789
7830
7817
7790
7863
7858
7850
7900
7893
7957
7899
7972
7937
7895
7948
7921
7980
7950
7870
7949
7909
7964
7950
7914
7960
7951
7900
7853
7925
7875
7926
7874
7804
7862
7815
7780
7825
7771
7819
7787
7728
7770
7707
7690
7762
7747
7788
7861
7822
7902
7860
7928
7908
7959
7893
7863
7937
8046
8035
7974
8046
8130
8106
8061
8133
8099
7950
7986
7935
7881
7946
7921
7938
7903
7955
7962
7912
7882
7879
7946
7908
7856
7936
7936
7929
8128
8168
8297
8276
8329
8265
8210
8253
8233
8301
8258
8206
8151
8186
8144
8094
8146
8099
8081
8012
7875
7827
7777
7733
7788
7747
7800
7732
7783
7736
7696
7767
7790
7876
7844
8031
8053
8119
8094
8072
8121
8069
8035
8084
8045
8096
8060
8094
8061
8133
8093
8047
7997
7948
7996
7869
7842
7785
7757
7712
7785
7848
7791
7745
7801
7793
7852
7864
7937
7885
7963
7904
7975
7949
8015
7986
7983
8037
7983
7927
7975
7921
7954
7958
7923
7976
7924
7864
7815
7847
7809
7755
7789
7744
7696
7671
7740
7692
7693
7738
7666
7714
7773
7693
7646
7697
7649
7706
7656
7727
7665
7751
7822
7823
7775
7838
7788
7743
7784
7748
7800
7745
7779
7739
7778
7717
7755
7709
7789
7738
7780
7719
7658
7605
7533
7576
7524
7579
7532
7574
7532
7597
7558
7606
7589
7627
7701
7635
7597
7648
7601
7648
7705
7678
7721
7773
7725
7683
7725
7767
7713
7667
7711
7665
7611
7671
7622
7679
7612
7636
7573
7617
7550
7592
7539
7564
7519
7568
7509
7540
7469
7542
7477
7514
7473
7531
7474
7528
7448
7489
7624
7577
7698
7657
7711
7780
7715
7752
7709
7756
7701
7731
7655
7701
7641
7705
7647
7699
7747
7690
7647
7607
7564
7536
7594
7560
7629
7594
7651
7595
7646
7699
7648
7708
7754
7714
7773
7731
7805
7761
7811
7765
7823
7776
7720
7753
7780
7723
7763
7714
7772
7722
7774
7742
7779
7737
7688
7743
7687
7637
7684
7615
7666
7624
7706
7756
7593
7636
7559
