587
566
545
521
498
469
444
419
395
371
347
321
294
266
244
217
192
168
147
119
90
70
42
16
2313
2294
2271
2245
2221
2196
2175
2142
2118
2092
2068
2041
2017
1991
1965
1939
1916
1888
1864
1842
1818
1792
1768
1740
1715
1692
1670
1643
1619
1593
1569
1544
1521
1496
1469
1443
1417
1390
1364
1338
1312
1286
1261
1234
1208
1182
1156
1132
1104
1079
3359
3334
3314
3294
3268
3243
3217
3192
3172
3150
2825
2804
2779
2752
2722
2703
2676
2651
2624
2598
2575
2552
2525
2499
2477
2451
2423
2400
2374
2350
2325
2300
2273
2249
2228
2191
2167
2142
2118
2093
2068
2042
2016
1988
1956
1935
1914
1888
1864
1837
3877
3784
3759
3734
3709
3684
3659
3632
3615
3594
2767
2746
2722
2694
2667
2641
2622
2598
2577
2548
2524
2498
2472
2447
2420
2395
2372
2344
2320
2295
2270
2247
2222
2198
2172
2146
2118
2094
2066
2042
2015
1988
1963
1932
1905
1880
1855
1830
1804
1778
4002
3978
3954
3928
3907
3882
3857
3830
3809
3783
2758
2739
2710
2685
2659
2636
2609
2585
2556
2531
2499
2473
2447
2419
2393
2369
2347
2319
2299
2275
2251
2225
2199
2169
2144
2122
2096
2070
2047
2019
1998
1974
1940
1914
1887
1868
1843
1814
1790
1763
3957
3932
3911
3884
3858
3832
3811
3788
3770
3744
2817
2796
2773
2747
2719
2693
2667
2641
2619
2594
2568
2543
2519
2493
2467
2443
2419
2394
2359
2333
2308
2282
2255
2229
2203
2177
2152
2127
2101
2078
2054
2027
2004
1977
1955
1930
1904
1878
1854
1826
4022
3998
3973
3946
3921
3898
3871
3845
3820
3795
2770
2748
2729
2704
2684
2665
2641
2615
2594
2569
2544
2519
2496
2467
2444
2423
2398
2374
2351
2324
2297
2276
2245
2220
2193
2161
2133
2106
2085
2064
2038
2011
1988
1936
1912
1883
1861
1841
1821
1793
3988
3968
3943
3921
3894
3874
3845
3818
3791
3771
2745
2723
2703
2676
2648
2623
2603
2578
2551
2524
2504
2483
2461
2430
2402
2383
2361
2340
2316
2297
2271
2251
2225
2204
2180
2155
2128
2109
2089
2064
2044
2019
1996
1973
1948
1923
1901
1882
1856
1828
4033
4009
3985
3965
3948
3919
3890
3862
3836
3805
2776
2730
2710
2691
2664
2645
2620
2595
2571
2550
2525
2505
2479
2453
2434
2415
2388
2363
2337
2317
2293
2274
2248
2224
2200
2173
2144
2119
2095
2073
2049
2025
2000
1979
1960
1934
1915
1891
1866
1846
4047
4010
3990
3970
3949
3926
3900
3878
3853
3829
2801
2780
2756
2732
2704
2682
2657
2636
2609
2579
2552
2527
2502
2475
2450
2408
2383
2356
2326
2300
2276
2249
2225
2200
2183
2159
2130
2104
2080
2060
2036
2008
1983
1957
1931
1906
1874
1847
1832
1806
4005
3980
3962
3940
3917
3891
3866
3847
3827
3807
2782
2761
2733
2713
2690
2663
2637
2613
2589
2564
2537
2515
2496
2471
2448
2423
2398
2373
2352
2331
2305
2278
2257
2237
2213
2193
2166
2146
2120
2100
2079
2053
2028
2004
1979
1958
1932
1906
1887
1865
3997
3966
3943
3923
3902
3879
3850
3823
3796
3774
2741
2718
2694
2671
2650
2626
2602
2583
2557
2532
2507
2483
2464
2439
2414
2391
2368
2344
2320
2291
2265
2240
2213
2191
2167
2143
2120
2094
2070
2050
2034
2009
1984
1958
1937
1913
1889
1863
1830
1807
3957
3930
3904
3879
3855
3832
3807
3782
3761
3738
2711
2693
2666
2642
2608
2580
2554
2528
2509
2484
2466
2435
2408
2370
2349
2325
2298
2273
2248
2224
2196
2170
2145
2126
2104
2071
2041
2016
1989
1962
1938
1913
1894
1871
1847
1819
1798
1778
1758
1736
4014
3994
3972
3941
3917
3893
3866
3841
3815
3791
2864
2843
2813
2787
2767
2741
2715
2691
2668
2649
2629
2604
2584
2558
2534
2507
2483
2454
2430
2404
2380
2360
2329
2304
2277
2250
2224
2199
2178
2154
2133
2110
2090
2071
2049
2024
1997
1978
1940
1919
4093
4072
4050
4031
4016
3989
3963
3936
3912
3889
2768
2748
2726
2700
2676
2649
2624
2601
2575
2549
2529
2504
2477
2458
2432
2417
2396
2371
2346
2326
2300
2270
2245
2216
2191
2171
2153
2127
2100
2074
2057
2031
2007
1987
1962
1935
1910
1884
1859
1834
4065
4040
4017
3997
3965
3936
3911
3886
3856
3831
2803
2785
2760
2734
2709
2679
2661
2636
2612
2587
2562
2536
2513
2493
2472
2448
2428
2402
2378
2354
2329
2306
2286
2252
2231
2206
2181
2158
2131
2105
2079
2055
2034
2007
1981
1960
1941
1916
1898
1876
4082
4060
4037
4018
3994
3969
3949
3928
3907
3886
2757
2732
2705
2683
2661
2642
2622
2597
2576
2551
2525
2501
2477
2451
2427
2395
2359
2331
2311
2285
2258
2234
2209
2188
2169
2144
2119
2097
2076
2054
2035
2004
1972
1950
1917
1897
1866
1844
1814
1791
3974
3954
3931
3909
3887
3856
3835
3807
3785
3756
2734
2713
2688
2662
2633
2608
2588
2563
2532
2504
2480
2458
2431
2406
2379
2351
2328
2292
2267
2238
2212
2193
2169
2145
2126
2099
2075
2053
2029
2008
1984
1964
1932
1911
1890
1868
1846
1821
1802
1777
4003
3979
3954
3928
3895
3869
3846
3824
3798
3772
2847
2827
2801
2775
2751
2729
2710
2691
2665
2640
2616
2597
2571
2543
2518
2497
2476
2449
2419
2386
2364
2345
2318
2290
2250
2227
2203
2177
2151
2127
2095
2070
2047
2019
1990
1968
1943
1919
1894
1870
3982
3959
3934
3910
3883
3858
3835
3817
3791
3765
2646
2625
2598
2573
2547
2521
2500
2471
2452
2427
2401
2377
2350
2331
2310
2290
2268
2243
2215
2189
2166
2142
2115
2086
2066
2045
2024
1998
1971
1944
1922
1898
1872
1852
1824
1806
1785
1765
1739
1715
3918
3899
3873
3847
3821
3799
3775
3749
3726
3693
2765
2743
2717
2696
2671
2651
2630
2605
2579
2553
2524
2501
2474
2453
2430
2405
