572
548
527
506
485
463
442
419
400
379
354
319
298
277
257
236
216
194
174
153
134
112
91
71
50
31
11
2309
2289
2269
2246
2226
2207
2187
2167
2147
2127
2104
2084
2064
2041
2022
2002
1976
1954
1927
1906
1885
1865
1843
1822
1800
1772
1753
1734
1713
1692
1673
1653
1626
1605
1582
1561
1538
1517
1496
1475
1454
1425
1405
1381
1360
1336
1315
1295
1275
1251
3195
3174
3148
3128
3108
3088
3067
3044
3024
2984
2563
2540
2514
2490
2465
2446
2426
2405
2385
2365
2346
2325
2304
2284
2265
2244
2223
2197
2171
2145
2125
2104
2083
2063
2042
2022
2002
1983
1963
1943
1923
1901
1880
1860
1833
1814
1791
1770
1752
1733
3667
3648
3629
3608
3593
3569
3548
3527
3506
3486
2463
2443
2417
2392
2366
2345
2327
2304
2278
2257
2237
2217
2197
2177
2156
2135
2108
2081
2054
2035
2015
1995
1973
1953
1934
1909
1890
1869
1840
1819
1799
1777
1757
1736
1714
1692
1667
1647
1625
1606
3622
3593
3572
3552
3531
3509
3488
3465
3446
3423
2599
2571
2545
2521
2495
2475
2457
2437
2414
2392
2372
2351
2325
2303
2286
2264
2244
2222
2204
2179
2159
2137
2117
2094
2068
2047
2021
2000
1980
1959
1938
1918
1898
1879
1859
1837
1810
1786
1764
1743
3701
3678
3656
3634
3617
3595
3574
3549
3527
3507
2486
2467
2441
2417
2389
2369
2344
2315
2295
2275
2255
2234
2212
2191
2169
2148
2128
2106
2086
2065
2045
2025
2003
1981
1961
1927
1909
1890
1870
1851
1830
1806
1788
1767
1745
1724
1704
1683
1660
1637
3691
3670
3648
3627
3601
3577
3558
3531
3507
3486
2660
2641
2615
2588
2563
2544
2525
2506
2486
2465
2446
2426
2404
2383
2361
2340
2319
2298
2278
2256
2224
2203
2183
2163
2143
2122
2101
2078
2054
2029
2009
1987
1963
1940
1920
1897
1869
1845
1826
1803
3735
3715
3696
3673
3653
3632
3600
3579
3555
3535
2515
2493
2467
2448
2423
2406
2383
2358
2339
2320
2299
2280
2260
2241
2219
2201
2174
2151
2126
2103
2078
2057
2037
2015
1993
1973
1952
1931
1911
1890
1864
1840
1819
1800
1780
1757
1739
1713
1693
1670
3579
3555
3529
3507
3488
3467
3443
3422
3400
3380
2452
2432
2405
2376
2350
2331
2310
2290
2270
2249
2230
2210
2189
2168
2148
2128
2107
2086
2061
2036
2014
1992
1971
1946
1922
1900
1875
1853
1829
1808
1787
1768
1748
1726
1703
1681
1661
1636
1608
1588
3519
3498
3477
3454
3431
3411
3390
3369
3350
3331
2507
2485
2460
2435
2409
2384
2363
2343
2323
2302
2281
2260
2239
2218
2195
2168
2146
2121
2095
2069
2049
2027
2006
1987
1965
1945
1917
1898
1879
1860
1839
1819
1797
1770
1749
1725
1704
1683
1666
1643
3572
3553
3528
3507
3478
3460
3438
3418
3393
3373
2552
2529
2506
2480
2459
2421
2402
2381
2360
2342
2321
2299
2280
2259
2240
2220
2195
2175
2154
2131
2113
2084
2063
2034
2015
1986
1962
1936
1915
1895
1875
1854
1832
1813
1791
1771
1753
1733
1706
1684
3671
3652
3632
3608
3587
3561
3543
3521
3503
3478
2556
2534
2508
2484
2458
2419
2398
2374
2353
2331
2312
2280
2257
2089
2067
2045
2020
1999
1975
1950
1927
1903
1884
1858
1835
1805
1786
1765
1744
1722
1698
1678
1657
1635
1613
1591
1571
1548
1524
1504
3499
3475
3449
3426
3395
3374
3352
3332
3311
3286
2561
2540
2515
2494
2467
2446
2426
2406
2379
2358
2338
2319
2299
2281
2259
2230
2201
2181
2158
2138
2116
2096
2075
2055
2036
2016
1992
1960
1941
1920
1899
1875
1855
1834
1814
1793
1773
1751
1729
1709
3675
3655
3634
3613
3597
3577
3557
3535
3516
3494
2574
2552
2527
2505
2479
2449
2430
2409
2389
2369
2349
2330
2311
2292
2268
2248
2230
2209
2188
2167
2146
2122
2102
2083
2061
2036
2012
1993
1968
1946
1922
1901
1880
1858
1839
1819
1799
1777
1754
1735
3709
3689
3666
3640
3615
3594
3573
3550
3529
3509
2582
2562
2532
2504
2478
2454
2433
2412
2389
2367
2343
2322
2302
2281
2262
2242
2217
2196
2176
2156
2137
2117
2090
2070
2046
2026
2002
1979
1957
1935
1913
1891
1873
1845
1826
1804
1782
1763
1738
1716
3666
3641
3620
3600
3577
3557
3536
3516
3496
3474
2552
2532
2508
2485
2456
2437
2417
2396
2375
2348
2327
2306
2286
2265
2245
2224
2199
2176
2148
2123
2097
2078
2058
2036
2017
1996
1974
1954
1933
1911
1892
1871
1848
1821
1800
1775
1753
1732
1709
1668
3682
3663
3643
3621
3599
3579
3557
3537
3517
3497
2574
2553
2530
2501
2476
2454
2433
2412
2389
2367
2346
2325
2304
2283
2265
2243
2218
2190
2166
2142
2109
2089
2068
2049
2030
2009
1978
1958
1939
1920
1898
1877
1854
1834
1812
1786
1766
1744
1725
1697
3738
3715
3692
3665
3637
3617
3598
3577
3556
3533
2612
2591
2569
2544
2520
2497
2478
2456
2437
2407
2382
2361
2343
2321
2296
2280
2240
2216
2196
2175
2156
2131
2102
2081
2058
2036
1999
1978
1954
1935
1910
1881
1857
1830
1810
1790
1753
1730
1705
1681
3666
3643
3622
3602
3575
3555
3518
3496
3473
3451
2526
2506
2477
2453
2427
2400
2375
2353
2324
2303
2279
2261
2242
2206
2184
2165
2146
2126
2102
2076
2056
2031
2007
1987
1964
1943
1922
1901
1880
1855
1835
1814
1794
1767
1739
1719
1700
1680
1659
1638
3626
3604
3581
3559
3538
3508
3489
3465
3445
3425
2601
2582
2558
2533
2512
2491
2467
2446
2425
2405
2384
2363
2342
2319
2298
2278
2238
2217
2193
2165
2136
2113
2093
2072
2052
2031
2009
1984
1959
1930
1912
1886
1865
1846
1824
1804
1785
1765
1745
1725
3775
3753
3732
3713
3689
3665
3641
3621
3600
3579
2657
2638
2611
2583
2553
2534
2513
2494
2473
2451
2429
2408
2388
