546
971
1365
1735
2103
2441
2783
3141
3487
3844
4186
4548
4926
5298
5661
6005
6352
6732
7093
7459
7820
8177
8526
8896
9246
9598
9979
10331
10695
11058
11425
11790
12132
12480
12816
13189
13549
13914
14279
14652
15002
15342
15698
16044
16387
16749
17105
17460
17817
18169
18528
18881
19221
19591
19946
20282
20626
20984
21349
21694
22053
22420
22789
23136
23495
23552
23624
23568
23617
23586
23544
23604
23576
23547
23629
23594
23639
23622
23584
23645
23582
23540
23622
23568
23610
23567
23527
23604
23572
23542
23619
23572
23615
23581
23655
23629
23596
23655
23603
23566
23626
23594
23652
23603
23666
23592
23670
23627
23603
23647
23608
23673
23611
23664
23667
23724
23676
23642
23695
23641
23695
23650
23600
23660
23620
23684
23624
23702
23644
23613
23651
23586
23534
23591
23538
23494
23575
23530
23480
23424
23476
23539
23483
23429
23502
23456
23505
23466
23423
23473
23408
23379
23420
23391
23473
23443
23406
23488
23458
23429
23486
23453
23503
23467
23422
23490
23449
23516
23470
23529
23468
23430
23507
23455
23420
23492
23441
23500
23444
23403
23488
23427
23478
23449
23498
23447
23507
23456
23497
23441
23504
23462
23510
23470
23497
23450
23389
23456
23436
23480
23543
23487
23419
23488
23444
23499
23449
23516
23485
23425
23487
23454
23499
23460
23433
23482
23435
23383
23341
23394
23339
23393
23337
23294
23359
23310
23273
23334
23340
23395
23374
23463
23417
23361
23415
23386
23473
23433
23506
23441
23394
23434
23397
23357
23420
23385
23456
23413
23497
23475
23531
23470
23529
23470
23532
23512
23573
23540
23483
23542
23502
23551
23502
23568
23513
23578
23532
23540
23588
23551
23602
23573
23643
23602
23541
23598
23544
23603
23571
23631
23583
23642
23596
23629
23597
23663
23601
23551
23501
23549
23508
23462
23413
23499
23582
23548
23509
23490
23553
23516
23579
23522
23587
23529
23512
23577
23542
23590
23602
23552
23542
23610
23564
23628
23582
23653
23600
23546
23615
23588
23649
23589
23638
23601
23658
23612
23662
23521
23583
23540
23578
23515
23464
23519
23463
23508
23455
23534
23493
23572
23549
23533
23607
23700
23675
23644
23690
23649
23685
23641
23716
23663
23753
23730
23688
23739
23702
23653
23608
23638
23581
23636
23603
23655
23635
23598
23652
23594
23542
23619
23574
23522
23505
23567
23529
23479
23540
23612
23582
23544
23593
23550
23593
23550
23502
23598
23569
23621
23598
23652
23632
23694
23666
23725
23687
23720
23662
23688
23708
23791
23831
23950
23918
23895
23871
23965
23943
24026
24008
24129
24181
24150
24239
24268
24290
24336
24295
24379
24435
24498
24461
24488
24465
24531
24502
24447
24503
24441
24500
24467
24526
24548
24517
24583
24569
24620
24596
24580
24556
24614
24555
24651
24611
24696
24681
24640
24693
24697
24655
24700
24649
24608
24700
24625
24676
24636
24693
24772
24635
24654
24490
24420
24391
24438
24390
24341
24287
24347
24294
24163
24223
24160
24112
24053
24010
24066
24034
23875
23922
23894
23866
23901
23874
23832
23864
23836
23885
23851
23904
23879
23843
23785
23867
23813
23754
23829
23766
23732
23694
23750
23699
23653
23717
23702
23682
23629
23696
23643
23599
23650
23605
23652
23572
23656
23650
23685
23629
23587
23629
23487
23540
23512
23556
23513
23581
23541
23501
23630
23587
23664
23557
23614
23578
23641
23619
23739
23713
23757
23724
23680
23743
23699
23646
23723
23664
23703
23648
23680
23650
23707
23660
23628
23708
23678
23756
23705
23770
23714
23668
23704
23658
23717
23686
23653
23629
23701
23696
23751
24013
24065
24028
24054
24026
24082
24033
23982
24016
23982
24056
24034
24091
24033
24071
24010
23941
24019
23981
23956
23951
24040
24020
23998
23990
24056
24026
24029
24021
24080
24052
24100
24056
24006
24075
24048
24110
24075
24143
24137
24203
24153
24168
24258
24239
24246
24321
24287
24255
24319
24274
24322
24292
24349
24325
24426
24397
24378
24348
24415
24060
24149
24280
24385
24349
24550
24637
24596
24679
24641
24696
24711
24686
24854
24814
24866
24943
24893
24847
24917
24890
24859
24837
24886
24846
24919
24879
24843
24805
24735
24795
24787
24859
24816
24773
24831
24792
24762
24833
24780
24731
24790
24787
24759
24725
24735
24692
24774
24734
24700
24770
24768
24837
24802
24771
24810
24865
24849
24779
24844
24790
24654
24608
24545
24599
24329
24288
24256
24279
24347
24322
24273
24261
24222
24189
24144
24181
24131
24193
24157
24201
24144
24107
24077
24065
24044
24138
24257
24334
24301
24407
24416
24398
24365
24421
24408
24479
24428
24378
24436
24399
24470
24407
24365
24356
24312
24352
24318
24255
24342
24333
24307
24288
24361
24308
24273
24246
24211
24283
24244
24230
24306
24280
24325
24280
24342
24285
24249
24205
24166
24292
24252
24237
24306
24263
24334
24326
24300
24385
24314
24369
24342
24409
24378
24369
24323
24288
24153
24128
24224
24086
24042
24112
24264
24224
24295
24322
24308
24377
24369
24520
24483
24599
24733
24717
24776
24736
24679
24713
24673
24642
24590
24648
24646
24624
24658
24629
24584
24640
24613
24579
24637
24614
24598
24653
24613
24681
24631
24675
24644
24609
24565
24538
24575
24526
24470
24525
24466
24441
24519
24468
24402
24470
24413
24389
24471
24423
24383
24446
24393
24344
24295
24346
24137
24069
24037
23981
23926
23967
23928
23838
23811
23758
23597
23560
23604
23553
23588
23532
23587
23538
23471
23535
23475
23416
23473
23492
23455
23505
23454
23512
23467
23410
23339
23414
23370
23331
23384
23354
23399
23354
23294
23331
23273
23333
23395
23346
23400
23366
23308
23285
23349
23305
23346
23312
23268
23227
23293
23245
23306
23259
23315
23283
23357
23417
23348
23293
23350
23310
23374
23322
23266
23380
23335
23278
23344
23272
23315
23376
23330
23381
23321
23393
23332
23390
23346
23289
23243
23301
23257
23324
23260
23328
23282
23355
23331
23410
23371
23332
23388
23338
23395
23358
23416
23368
23413
23336
23378
23325
23381
23322
23269
23349
23311
23370
23335
23391
23348
23425
23361
23312
23378
23319
23275
23326
23353
23304
23355
23337
23289
23346
23297
23266
23307
23257
23309
23261
23326
23294
23333
23289
23349
23313
23374
23339
23294
23339
23403
23339
23296
23399
23344
23403
23362
23330
23382
23338
23277
23316
23263
23324
23280
