565
541
521
500
480
463
442
423
397
377
354
334
310
289
270
242
224
201
174
154
135
117
98
78
59
33
12
2433
2412
2393
2374
2355
2337
2315
2294
2260
2240
2221
2202
2182
2162
2138
2114
2094
2074
2052
2026
201
180
161
137
113
90
70
51
21
2468
2446
2424
2402
2383
2364
2345
2328
2309
2288
2268
2250
2229
2208
2188
2168
2146
2125
2105
2085
157
137
112
84
58
36
14
2362
2342
2324
2304
2283
2262
2243
2216
2195
2174
2154
2119
2101
2082
2062
2030
2010
1988
1969
1942
114
95
71
46
27
8
2385
2364
2345
2325
2303
2284
2259
2238
2205
2184
2165
2144
2123
2104
2085
2064
2044
2022
2003
1978
157
138
111
85
61
36
15
2357
2332
2310
2292
2271
2251
2229
2209
2189
2168
2147
2127
2105
2084
2061
2040
2019
1999
1979
1961
141
120
95
67
43
18
2275
2247
2227
2207
2188
2167
2147
2124
2104
2081
2061
2044
2024
2002
1983
1962
1942
1922
1901
1881
157
127
104
77
58
36
14
2348
2327
2305
2287
2267
2241
2207
2187
2164
2145
2115
2094
2074
2056
2028
2007
1989
1967
1946
1927
105
84
61
32
8
2325
2306
2286
2260
2238
2215
2196
2178
2160
2142
2122
2095
2077
2060
2038
2017
1998
1979
1960
1940
117
87
61
34
10
2259
2238
2217
2197
2178
2157
2136
2113
2094
2073
2052
2031
2011
1989
1968
1949
1930
1901
1880
1854
134
115
86
66
41
20
2320
2299
2279
2260
2242
2223
2202
2182
2161
2141
2118
2098
2079
2057
2036
2016
1995
1978
1957
1936
114
94
70
48
23
2280
2256
2236
2216
2194
2172
2154
2133
2114
2092
2073
2052
2021
1992
1966
1941
1923
1902
1884
1863
142
120
96
73
46
27
1
2335
2313
2293
2271
2251
2230
2210
2191
2157
2137
2119
2092
2071
2052
2032
2014
1994
1974
1955
1936
116
94
70
41
16
2342
2322
2286
2265
2241
2221
2202
2183
2161
2140
2107
2088
2068
2048
2027
2006
1982
1961
1940
1920
198
173
148
124
100
77
58
35
15
2681
2657
2638
2618
2599
2579
2560
2540
2521
2502
2475
2456
2439
2417
2396
2377
2350
2330
2311
2291
169
35
10
2253
2226
2208
2164
2140
2118
2098
2075
2051
2029
2007
1987
1965
1945
1926
1904
1881
1860
1840
1819
194
164
128
108
86
67
36
17
2406
2386
2366
2340
2318
2298
2280
2260
2241
2221
2199
2178
2158
2140
2110
2091
2068
2047
2012
1993
170
147
125
97
73
53
34
12
2415
2396
2364
2334
2315
2295
2267
2247
2226
2191
2169
2144
2122
2102
2081
2062
2043
2013
1994
1965
143
122
98
70
41
23
3
2328
2308
2289
2269
2250
2231
2212
2184
2162
2144
2124
2104
2083
2063
2044
2025
2004
1985
1964
1946
122
102
81
55
32
10
2298
2280
2257
2238
2219
2190
2158
2138
2120
2101
2080
2058
2037
2018
1993
1975
1952
1925
1905
1886
167
144
122
98
73
55
36
16
2327
2306
2287
2266
2246
2225
2200
2126
2103
2084
2066
2047
2027
2005
1985
1964
1938
1918
1899
1881
160
138
113
94
71
49
31
1
2364
2343
2324
2300
2274
2256
2235
2215
2194
2175
2155
2135
2114
2094
2074
2054
2034
2013
1993
1974
150
130
112
87
65
46
27
4
2373
2354
2327
2308
2289
2269
2242
2222
2203
2182
2158
2138
2117
2088
2067
2049
2029
2002
1981
1963
143
123
104
80
54
34
8
2322
2296
2278
2260
2240
2212
2192
2172
2143
2125
2105
2085
2067
2044
2024
2006
1987
1955
1933
1913
192
169
143
115
89
69
48
27
8
2383
2363
2343
2320
2288
2267
2245
2226
2205
2183
2163
2142
2122
2103
2083
2064
2045
2024
2002
1983
162
141
120
101
81
47
26
8
2402
2382
2363
2344
2323
2301
2283
2264
2245
2225
2202
2183
2156
2138
2113
2094
2074
2055
2026
2005
185
164
143
121
101
80
58
38
18
2378
2359
2337
2318
2293
2274
2253
2224
2204
2182
2156
2138
2118
2099
2079
2060
2042
2022
2001
1982
160
141
118
90
65
44
26
7
2362
2343
2323
2302
2281
2260
2240
2222
2202
2182
2163
2144
2125
2105
2078
2058
2039
2020
1997
1977
154
135
115
88
65
45
22
4
2394
2374
2353
2333
2314
2295
2275
2256
2236
2215
2194
2174
2154
2133
2115
2084
2055
2036
2014
1995
175
157
132
113
89
71
51
30
10
2403
2384
2365
2345
2326
2307
2286
2265
2239
2217
2193
2170
2149
2130
2109
2089
2071
2045
2025
2011
191
169
141
118
91
72
50
31
11
2337
2316
2296
2278
2259
2239
2218
2198
2179
2158
2139
2120
2098
2079
2060
2039
2021
2001
1980
1957
136
117
89
68
45
24
4
2356
2336
2316
2296
2277
2257
2239
2219
2199
2176
2156
2136
2116
2095
2077
2059
2037
2017
1996
1976
154
134
105
78
52
31
2322
2304
2283
2263
2242
2222
2202
2177
2147
2128
2096
2077
2054
2035
2016
1996
1972
1953
1920
1899
173
153
132
110
84
55
33
13
2379
2360
2340
2319
2294
2275
2256
2236
2218
2197
2175
2151
2132
2111
2090
2071
2050
2029
2003
1981
160
140
115
89
63
42
23
2372
2352
2332
2315
2292
2273
2252
2232
2212
2192
2172
2144
2123
2105
2084
2063
2044
2024
1996
1968
146
117
94
68
47
30
2268
2250
2228
2207
2188
2169
2150
2130
2109
2089
2069
2045
2024
2004
1971
1949
1930
1910
1891
1870
146
127
101
79
54
34
13
2328
2307
2288
2269
2249
2228
2206
2180
2161
2142
2121
2101
2080
2060
2036
2017
1998
1976
1955
1935
114
84
56
29
8
