588
565
540
508
482
452
424
396
367
343
317
293
268
240
213
190
163
135
108
81
50
25
2236
2208
2181
2155
2128
2102
2073
2050
2022
1995
1969
1945
1918
1893
1868
1842
1814
1791
1763
1738
1710
1682
1660
1635
1610
1579
1552
1527
1503
1476
1452
1425
1395
1370
1345
1318
1294
1270
1247
1224
1202
1179
1155
1128
1099
1073
1048
1024
996
972
948
921
899
872
845
818
793
764
735
710
583
564
537
512
487
462
440
414
386
360
334
308
280
256
230
206
177
152
123
99
79
53
20
4627
4602
4575
4550
4524
4492
4471
4446
4421
4398
4373
4354
4326
4300
4274
4248
4222
4199
4173
4148
4127
4101
4075
4055
4031
4005
3980
3951
3929
3897
3873
3854
3827
3779
3646
3624
3599
3573
3548
3521
3494
3466
3440
3415
3390
3370
3345
3318
3293
3267
3241
3216
3180
3155
3129
3101
3072
3050
3023
3001
574
554
533
512
487
462
436
410
384
361
337
312
288
265
241
212
187
159
133
113
87
59
32
8
4655
4630
4608
4582
4557
4533
4506
4485
4463
4438
4412
4384
4353
4330
4302
4276
4252
4231
4208
4178
4153
4128
4102
4074
4047
4015
3988
3964
3937
3918
3889
3864
3840
3815
3794
3767
3745
3723
3702
3679
3657
3634
3613
3585
3559
3533
3508
3488
3462
3432
3405
3380
3359
3332
3304
3284
3262
3238
3215
3194
566
545
520
492
465
438
414
388
360
335
310
284
263
244
219
194
166
137
112
87
60
33
9
4635
4607
4577
4552
4524
4500
4478
4452
4423
4402
4378
4357
4337
4312
4284
4257
4231
4204
4177
4151
4122
4100
4075
4049
4027
4001
3977
3951
3923
3903
3877
3850
3823
3794
3766
3740
3713
3687
3660
3628
3603
3576
3550
3525
3499
3475
3447
3422
3398
3378
3353
3327
3300
3277
3251
3225
3200
3175
3149
3122
577
556
535
509
482
461
439
413
390
362
340
315
289
268
239
213
185
159
134
114
90
71
45
18
4634
4612
4587
4561
4535
4514
4485
4456
4429
4405
4379
4353
4324
4295
4269
4246
4224
4199
4176
4148
4124
4102
4075
4046
4023
3998
3971
3947
3922
3893
3866
3837
3815
3787
3759
3729
3704
3675
3649
3623
3599
3573
3546
3518
3493
3465
3443
3416
3386
3364
3341
3315
3289
3264
3238
3212
3189
3167
3144
3123
592
570
545
517
491
467
444
418
393
367
342
320
294
272
245
218
193
167
143
118
92
64
40
13
4543
4516
4490
4469
4440
4414
4388
4362
4328
4300
4276
4255
4233
4208
4182
4159
4132
4104
4082
4062
4037
4011
3989
3964
3937
3911
3886
3867
3839
3814
3787
3762
3732
3702
3679
3652
3624
3597
3570
3545
3518
3492
3465
3441
3418
3390
3364
3337
3310
3273
3248
3222
3195
3175
3151
3129
3103
3076
3050
3029
605
579
558
528
507
481
458
438
411
386
360
330
300
274
252
227
202
176
147
122
92
61
32
6
4572
4550
4529
4503
4475
4447
4422
4401
4376
4354
4327
4302
4276
4251
4229
4204
4184
4158
4138
4112
4083
4057
4032
4012
3985
3961
3934
3908
3882
3857
3837
3811
3784
3760
3735
3708
3678
3650
3630
3608
3582
3557
3530
3505
3477
3451
3426
3401
3381
3357
3332
3307
3281
3257
3232
3211
3186
3159
3133
3105
580
558
537
510
486
458
434
407
381
351
326
299
279
251
232
211
189
161
132
113
87
64
43
16
4652
4627
4606
4578
4553
4530
4510
4489
4464
4444
4419
4397
4378
4348
4318
4289
4268
4244
4217
4197
4171
4144
4124
4097
4072
4051
4025
3994
3967
3946
3925
3899
3873
3850
3822
3794
3766
3740
3715
3688
3661
3636
3609
3584
3560
3540
3513
3491
3463
3440
3413
3388
3364
3338
3312
3285
3266
3238
3213
3189
559
538
514
490
464
437
417
391
366
340
313
286
256
229
209
182
159
139
112
88
62
36
5
4503
4476
4457
4431
4405
4377
4352
4329
4304
4278
4252
4226
4202
4176
4150
4129
4107
4080
4051
4025
3999
3973
3938
3917
3890
3866
3841
3818
3797
3772
3746
3719
3693
3664
3638
3614
3592
3563
3537
3516
3493
3465
3431
3403
3374
3347
3319
3292
3262
3237
3211
3183
3158
3134
3108
3082
3056
3027
3000
2975
552
531
504
478
452
428
408
387
360
334
309
282
261
237
214
187
163
136
117
95
69
42
20
4510
4482
4459
4434
4410
4380
4354
4328
4308
4281
4259
4233
4208
4180
4155
4132
4110
4092
4064
4037
4012
3986
3960
3933
3911
3889
3861
3835
3809
3788
3766
3739
3717
3691
3663
3633
3598
3576
3550
3525
3501
3476
3456
3434
3407
3381
3354
3334
3308
3286
3260
3232
3208
3179
3152
3126
3100
3073
3047
3022
594
574
549
530
504
478
452
428
403
374
348
321
294
274
248
222
199
170
147
121
101
79
54
26
0
4650
4617
4592
4554
4528
4501
4470
4443
4416
4391
4367
4342
4314
4286
4260
4238
4205
4180
4157
4130
4095
4069
4046
4019
3990
3967
3940
3918
3891
3871
3845
3820
3791
3765
3738
3712
3685
3659
3633
3610
3586
3560
3533
3507
3487
3459
3432
3406
3386
3362
3340
3309
3284
3255
3229
3202
3175
3150
3124
3099
571
549
522
494
470
450
428
406
380
357
331
305
280
259
234
214
188
161
135
108
80
54
33
2
4573
4547
4520
4496
4476
4448
4428
4401
4382
4354
4328
4304
4276
4251
4228
4202
4178
4150
4124
4097
4074
4049
4028
4006
3980
3955
3929
3910
3883
3859
3838
3819
3793
3769
3745
3720
3699
3673
3648
3624
3597
3571
3546
3516
3493
3468
3447
3420
3395
3370
3347
3320
3294
3266
3241
3218
3191
