587
963
1300
1657
2011
2391
2734
3103
3442
3796
4145
4491
4848
5217
5585
5932
6278
6626
6984
7335
7705
7647
7692
7647
7712
7766
7845
7802
7857
7809
7859
7817
7884
7835
7801
7871
7951
7910
7864
7931
7878
7954
7922
7982
7931
7878
7813
7747
7815
7784
7752
7820
7763
7807
7763
7728
7786
7744
7802
7747
7786
7765
7696
7654
7746
7793
7725
7766
7693
7743
7683
7643
7684
7637
7705
7657
7705
7659
7666
7708
7663
7711
7656
7717
7674
7615
7669
7708
7663
7712
7683
7733
7673
7740
7696
7675
7726
7669
7624
7682
7635
7692
7639
7678
7628
7682
7620
7674
7628
7695
7632
7710
7696
7759
7711
7678
7730
7673
7735
7688
7747
7764
7894
7885
8074
8062
8155
8125
8177
8110
8161
8101
8093
8042
8087
8053
8107
8047
8088
8061
8106
8134
8003
7969
7880
7848
7818
7763
7842
7893
7847
7915
7855
7822
7861
7873
7925
7878
7935
7911
7958
7832
7784
7847
7799
7845
7806
7740
7808
7747
7784
7760
7823
7780
7834
7691
7742
7680
7735
7735
7804
7749
7715
7764
7719
7758
7718
7761
7727
7786
7735
7675
7724
7674
7721
7657
7686
7659
7718
7667
7619
7690
7633
7688
7622
7691
7641
7689
7636
7586
7641
7598
7659
7620
7694
7640
7685
7629
7686
7638
7683
7662
7717
7666
7709
7684
7745
7703
7774
7724
7670
7737
7688
7789
7745
7814
7764
7827
7769
7856
7827
7784
7835
7782
7821
7775
7836
7790
7750
7818
7861
7836
7782
7755
7804
7769
7821
7814
7801
7846
7801
7756
7808
7747
7826
7784
7845
7810
7868
7831
7778
7827
7802
7759
7820
7767
7818
7766
7709
7758
7708
7665
7722
7779
7726
7677
7752
7703
7676
7738
7686
7745
7709
7764
7715
7786
7776
7836
7800
7866
7832
7884
7844
7816
7854
7825
7877
7836
7778
7844
7864
7927
7869
7913
7865
7833
7776
7872
7827
7866
7837
7821
7869
7814
7849
7793
7828
7782
7868
7822
7802
7761
7789
7757
7802
7762
7831
7775
7730
7791
7755
7693
7737
7702
7764
7716
7780
7748
7816
7765
7714
7795
7761
7829
7779
7807
7781
7815
7793
7742
7790
7752
7799
7755
7830
7780
7832
7797
7751
7802
7773
7742
7802
7764
7708
7765
7724
7770
7744
7797
7754
7822
7779
7739
7801
7807
7881
7891
7952
7906
7898
7962
7910
7917
7973
7971
8040
8002
8060
8000
8050
8006
7939
7997
7951
7901
7861
7812
7847
7826
7770
7801
7754
7719
7801
7757
7705
7773
7708
7774
7700
7767
7734
7798
7759
7707
7759
7717
7771
7735
7796
7734
7799
7728
7703
7753
7703
7772
7720
7770
7737
7787
7747
7713
7761
7716
7773
7919
7972
7938
7858
7907
7871
7946
7895
7940
7880
7948
7921
7977
7928
7961
7939
7905
8016
7990
8054
7795
7854
7822
7871
7822
7859
7823
7785
7846
7918
7895
7833
7906
7889
7961
7965
8014
8116
8073
8131
8063
8164
8109
8152
8112
8184
8145
8246
8247
8239
8306
8249
8224
8305
8262
8217
8078
7924
8002
7966
8022
7942
7899
7955
7913
7951
7897
7856
7820
7756
7710
7776
7729
7694
7733
7692
7763
7712
7661
7719
7666
7741
7696
7764
7721
7769
7714
7661
7717
7661
7710
7666
7757
7761
7804
7806
7802
7905
7865
7930
7901
7950
7921
7900
7969
7930
7986
7923
7982
7937
7995
7944
7990
7938
7901
7851
7798
7759
7796
7763
7818
7780
7738
7813
7749
7703
7761
7715
7768
7711
7750
7687
7730
7675
7723
7663
7622
7674
7641
7694
7626
7582
7618
7567
7608
7565
7621
7593
7626
7604
7673
7639
7763
7723
7803
7762
7797
7756
7847
7825
7902
7944
8030
7982
8028
7972
8028
7978
8050
8008
8002
8083
8030
8048
8026
8067
8024
8107
8079
8078
8055
8008
7956
7905
7961
8039
7981
8036
7993
7947
7921
7907
7955
7893
7844
7883
7832
7784
7742
7794
7772
7723
7775
7716
7788
7758
7807
7769
7726
7790
7762
7737
7824
7775
7830
7884
7852
7828
7886
7855
7906
7862
7912
7879
7903
7947
7908
7889
7973
7923
7876
7939
7893
7858
7917
7875
7934
7888
7862
7931
7891
7952
7922
7871
7851
7923
7921
7889
7971
7944
8006
7951
8044
8011
7973
8029
7992
8045
7990
7970
8028
7990
7954
7987
7948
7914
7876
7933
7890
7832
7762
7806
7780
7732
7812
7783
7759
7816
7770
7829
7776
7738
7802
7754
7800
7780
7712
7758
7708
7764
7808
7792
7737
7791
7751
7703
7748
7707
7812
7766
7872
7810
7769
7866
7822
7775
7834
7891
7872
7935
7881
7824
7894
7828
7878
7816
7872
7846
7820
7873
7832
7796
7859
7881
7809
7761
7809
7745
7799
7747
7711
7778
7739
7784
7715
7773
7820
7770
7723
7768
7722
7720
7765
7753
7708
7750
7701
7761
7725
7797
7762
7817
7746
7779
7758
7802
7745
7780
7740
7788
7739
7662
7711
7684
7654
7720
7659
7738
7681
7633
7685
7648
7732
7790
7739
7702
7752
7727
7762
7730
7829
7878
7832
7776
7825
7775
7829
7785
7729
7775
7843
7785
7762
7818
7761
7713
7772
7771
7819
7781
7805
7769
7846
7905
7859
7836
7877
7830
7890
7846
7914
7872
7923
7862
7917
7880
7835
7786
7858
7828
7773
7833
7806
7762
7839
7800
7854
7799
7751
7811
7751
7816
7774
7826
7781
7823
7771
7822
7773
7722
7788
7741
7685
7764
7720
7680
7767
7726
7766
7709
7772
7738
7673
7764
7711
7767
7809
7883
7838
7873
7816
7867
7849
7918
7892
7842
7896
7837
7874
7828
7892
7845
7912
7876
7838
7889
7738
7854
7828
7929
7869
7943
7895
7835
7798
7851
7820
7879
7840
7892
7842
7899
7852
7815
7904
7853
7902
7763
7826
7784
7743
7788
7761
7824
7804
7870
7799
7747
7829
7798
7855
7809
7868
7811
7772
7855
7918
7890
7819
7861
7846
7909
7868
7823
7885
7852
7923
7886
7839
7802
7852
7785
7862
7831
7901
7882
7819
7896
7862
7904
7883
7864
7959
7910
7947
7901
7835
7891
7844
7792
7844
7804
7827
