587
563
537
510
485
454
429
403
377
350
324
301
276
250
220
192
168
141
119
94
62
36
12
2290
2265
2240
2217
2188
2163
2134
2110
2084
2057
2031
2004
1981
1953
1928
1901
1877
1850
1824
1797
1771
1744
1717
1690
1665
1640
1611
1587
1564
1537
1512
1488
1462
1436
1409
1383
1351
1325
1299
1275
1249
1225
1199
1173
1149
1120
1093
1068
1042
1016
989
965
938
912
890
865
837
795
770
742
721
695
669
643
617
591
567
542
517
492
469
442
415
389
365
341
314
288
265
240
215
187
162
137
108
84
57
35
10
4873
4847
4819
4795
4768
4741
4714
4687
4661
4635
4608
4579
4554
4528
4504
4479
4455
4432
4407
4381
4355
4330
4305
4280
4256
4233
4202
4183
4156
4128
4102
4076
4049
4026
4003
3982
3956
3934
3906
3880
3852
3828
3801
3775
3750
3725
3699
3673
3647
3622
3596
3572
3545
3519
3498
3473
3450
3425
3395
3367
3336
3305
3280
3253
3226
3200
3173
3146
3119
3099
3075
3049
3025
2998
2979
2954
2929
2902
2877
2849
2824
2798
2772
2746
2720
2694
2672
2651
2626
2599
2573
2543
2517
2490
2462
2436
2410
2382
2355
2329
5131
5108
5081
5056
5028
5003
4973
4945
4919
4894
4872
4847
4821
4798
4771
4750
4724
4699
4673
4645
4620
4594
4567
4540
4516
4489
4462
4436
4410
4384
4359
4331
4302
4276
4251
4226
4201
4175
4148
4122
4096
4071
4044
4023
3998
3972
3939
3915
3887
3862
3837
3811
3787
3759
3732
3707
3682
3653
3628
3605
3576
3555
3530
3502
3475
3450
3427
3400
3375
3347
3325
3303
3280
3256
3227
3201
3173
3144
3118
3091
3066
3039
3010
2981
2953
2927
2903
2880
2854
2827
2801
2773
2753
2712
2676
2646
2622
2594
2565
2538
4980
4959
4938
4903
4875
4847
4822
4794
4772
4749
4722
4693
4672
4644
4618
4594
4570
4543
4517
4488
4463
4435
4406
4382
4354
4327
4301
4276
4250
4224
4202
4178
4153
4126
4100
4077
4054
4032
4010
3983
3959
3928
3900
3872
3848
3823
3798
3777
3756
3729
3702
3676
3650
3631
3602
3575
3546
3528
3506
3479
3452
3424
3401
3375
3349
3322
3294
3267
3243
3222
3192
3167
3141
3114
3089
3064
3044
3025
2998
2971
2944
2920
2895
2869
2844
2824
2797
2767
2742
2717
2693
2670
2640
2616
2591
2564
2545
2524
2498
2474
5093
5071
5051
5025
5002
4975
4949
4922
4897
4870
4850
4824
4798
4777
4750
4725
4699
4659
4634
4614
4587
4562
4534
4510
4480
4450
4424
4391
4367
4333
4305
4277
4249
4221
4194
4166
4143
4120
4094
4068
4041
4015
3990
3970
3943
3917
3893
3866
3842
3817
3791
3770
3745
3721
3694
3673
3646
3614
3587
3562
3536
3509
3483
3455
3432
3406
3385
3368
3342
3317
3292
3271
3250
3222
3198
3175
3152
3124
3101
3074
3049
3010
2888
2863
2834
2810
2785
2760
2735
2707
2682
2657
2635
2615
2585
2566
2542
2517
2491
2471
5108
5086
5059
5033
5005
4977
4957
4932
4908
4882
4854
4828
4803
4775
4755
4730
4705
4678
4653
4628
4597
4573
4554
4527
4500
4474
4452
4429
4405
4382
4357
4329
4301
4273
4249
4222
4198
4176
4149
4117
4094
4070
4050
4028
4003
3978
3956
3928
3902
3877
3850
3823
3797
3775
3745
3721
3698
3673
3650
3622
3593
3571
3545
3518
3491
3465
3439
3416
3395
3369
3343
3317
3291
3266
3241
3217
3191
3172
3147
3121
3096
3075
3049
3026
3000
2976
2953
2928
2903
2883
2852
2823
2799
2768
2723
2694
2673
2649
2628
2606
5047
5026
5003
4980
4956
4931
4910
4884
4860
4835
4808
4785
4757
4731
4709
4684
4655
4629
4604
4580
4559
4532
4504
4478
4457
4430
4402
4376
4345
4320
4295
4273
4251
4224
4197
4171
4146
4121
4091
4066
4039
4013
3987
3961
3933
3908
3883
3855
3828
3807
3786
3754
3732
3705
3679
3660
3633
3608
3581
3558
3533
3506
3480
3455
3430
3405
3379
3350
3327
3298
3273
3252
3225
3199
3172
3144
3119
3097
3071
3051
3025
2999
2974
2948
2924
2895
2874
2848
2825
2799
2775
2756
2733
2706
2680
2652
2627
2603
2576
2551
5063
5043
5018
4992
4963
4937
4911
4888
4863
4838
4819
4793
4767
4741
4715
4688
4660
4639
4614
4590
4561
4532
4512
4485
4458
4407
4375
4351
4326
4300
4269
4240
4212
4186
4161
4133
4111
4084
4062
4035
4004
3975
3949
3928
3903
3877
3852
3831
3805
3779
3745
3721
3700
3677
3651
3625
3595
3573
3552
3532
3508
3481
3452
3427
3403
3377
3350
3323
3302
3275
3250
3223
3199
3180
3155
3129
3105
3079
3053
3026
3001
2973
2945
2924
2897
2876
2856
2834
2806
2781
2754
2727
2700
2673
2644
2616
2595
2570
2545
2514
5112
5091
5064
5038
5013
4993
4968
4941
4916
4890
4864
4844
4820
4794
4773
4748
4724
4705
4683
4655
4629
4608
4582
4555
4528
4501
4477
4452
4428
4396
4371
4351
4325
4302
4280
4252
4226
4200
4172
4149
4125
4101
4075
4048
4029
4007
3984
3958
3930
3910
3884
3857
3832
3805
3784
3756
3729
3703
3676
3655
3629
3602
3577
3556
3535
3514
3487
3462
3440
3418
3392
3366
3341
3314
3288
3267
3244
3223
3198
3172
3149
3124
3098
3077
3052
3031
3005
2984
2965
2939
2913
2893
2867
2848
2823
2790
2763
2735
2710
2686
4967
4946
4925
4905
4877
4857
4836
4814
4787
4759
4738
4698
4659
4636
4612
4584
4559
4539
4512
4484
4448
4427
4402
4372
4345
4317
4293
4266
4239
4210
4182
4157
4130
4103
4081
4056
4034
4015
3989
3962
3936
3915
3891
3866
3841
3817
3789
3764
3743
3718
3692
3670
3641
3615
3588
3562
3540
3515
3495
3472
3452
3433
3409
3382
3357
3336
3314
3295
3275
3250
3229
3204
3181
3161
3138
3113
3082
3059
3035
3009
2986
2960
2936
2908
2884
2858
2833
2806
