523
500
476
454
433
412
390
370
349
329
306
284
264
244
220
198
177
157
137
116
96
75
51
31
1
2300
2276
2255
2234
2213
2190
2165
2135
2109
2071
2048
2020
1993
1972
1951
1927
1907
1886
1865
1845
127
106
78
59
30
6
2317
2296
2276
2256
2236
2217
2196
2176
2155
2135
2114
2094
2072
2051
2032
2013
1990
1968
1941
1920
198
175
155
128
104
82
62
39
19
2402
2375
2352
2330
2309
2283
2261
2241
2219
2200
2179
2157
2137
2114
2088
2063
2044
2025
2005
1984
162
139
111
83
57
38
17
2357
2337
2316
2292
2269
2247
2226
2197
2176
2153
2132
2110
2082
2062
2034
2014
1994
1974
1955
1933
110
90
60
36
15
2304
2267
2246
2225
2204
2183
2160
2138
2118
2096
2069
2048
2024
2002
1974
1948
1929
1908
1878
1859
132
111
90
61
37
16
2275
2254
2232
2208
2187
2166
2138
2109
2083
2060
2037
2017
1995
1974
1955
1934
1909
1887
1866
1846
123
103
74
49
22
3
2356
2337
2317
2296
2277
2257
2237
2219
2198
2179
2157
2136
2111
2091
2071
2050
2028
2007
1987
1960
138
118
97
71
43
20
2343
2293
2270
2242
2219
2198
2164
2135
2086
2066
2044
2012
1987
1906
1868
1847
1827
1806
1785
1766
143
118
87
64
38
16
2312
2292
2271
2251
2223
2202
2176
2150
2128
2098
2079
2060
2036
2014
1991
1971
1951
1931
1908
1889
169
151
124
98
72
51
29
7
2351
2329
2304
2280
2252
2232
2196
2176
2157
2136
2117
2097
2075
2043
2022
2000
1979
1957
1937
1913
192
165
133
113
86
65
42
20
2403
2381
2361
2330
2311
2290
2270
2249
2227
2207
2188
2166
2146
2123
2102
2079
2057
2036
2017
1997
176
158
132
103
78
58
36
17
2351
2332
2314
2285
2254
2230
2209
2188
2167
2145
2118
2098
2079
2053
2029
2006
1984
1963
1941
1917
191
170
149
127
105
83
65
44
22
0
2619
2600
2579
2558
2538
2517
2496
2473
2452
2433
2414
2393
2372
2349
2327
2308
2286
2266
2244
2225
104
83
54
27
6
2256
2237
2215
2194
2175
2154
2136
2117
2097
2077
2056
2038
2015
1994
1975
1956
1936
1915
1896
1876
153
128
103
82
56
36
16
2323
2299
2280
2260
2239
2219
2199
2180
2159
2138
2118
2094
2073
2050
2032
2011
1992
1969
1948
1926
105
87
60
35
15
2306
2286
2267
2240
2217
2198
2176
2146
2125
2104
2083
2061
2028
2008
1985
1966
1945
1925
1904
1882
160
139
112
93
74
56
35
11
2395
2374
2353
2335
2315
2294
2275
2255
2235
2212
2192
2166
2146
2125
2106
2086
2065
2045
2024
2002
181
160
129
104
84
64
44
25
4
2343
2324
2304
2285
2264
2243
2219
2198
2175
2155
2126
2105
2070
2050
2029
2012
1988
1966
1948
1929
105
86
61
39
12
2290
2268
2245
2227
2208
2185
2163
2143
2124
2104
2085
2065
2044
2022
2002
1981
1954
1935
1914
1894
170
147
123
104
78
58
36
17
2397
2366
2344
2326
2305
2284
2254
2231
2211
2191
2163
2142
2115
2095
2073
2054
2034
1996
1975
1954
132
111
87
66
42
13
2311
2290
2269
2247
2219
2199
2179
2158
2132
2109
2087
2068
2046
2027
2007
1987
1967
1947
1920
1896
175
149
123
96
71
49
28
8
2414
2393
2370
2345
2324
2304
2282
2253
2231
2212
2191
2168
2145
2126
2102
2082
2059
2039
2019
1992
166
142
113
91
71
51
32
12
2429
2408
2385
2362
2341
2322
2301
2279
2250
2223
2201
2168
2149
2130
2111
2092
2071
2049
2029
2008
187
165
141
107
82
60
38
18
2447
2424
2402
2383
2363
2340
2320
2296
2276
2258
2235
2215
2184
2165
2133
2104
2072
2050
2028
2006
183
164
138
113
87
66
44
25
4
2447
2426
2402
2380
2359
2335
2315
2295
2273
2254
2231
2210
2190
2169
2141
2121
2101
2082
2062
2039
117
97
64
39
9
2256
2232
2212
2192
2168
2146
2126
2105
2086
2064
2045
2017
1995
1975
1953
1933
1913
1892
1871
1848
125
93
65
44
24
3
2288
2267
2245
2224
2203
2182
2162
2142
2121
2102
2081
2060
2040
2020
2000
1979
1957
1935
1914
1892
172
152
126
104
74
39
14
2327
2308
2286
2266
2246
2223
2196
2174
2152
2132
2111
2091
2068
2040
2021
1988
1966
1946
1925
1902
179
147
124
95
70
48
28
9
2388
2369
2349
2323
2302
2282
2256
2230
2208
2187
2159
2131
2112
2090
2070
2042
2028
2009
1987
1963
136
116
90
68
41
18
2791
2772
2751
2729
2709
2686
2659
2639
2616
2593
2571
2553
2531
2512
2490
2469
2449
2427
2405
2384
160
142
114
93
68
49
28
10
2385
2365
2346
2324
2305
2283
2263
2242
2220
2198
2179
2159
2131
2111
2090
2068
2047
2028
2005
1984
160
133
106
79
60
37
17
2373
2346
2324
2302
2280
2259
2238
2217
2194
2172
2152
2132
2110
2090
2072
2049
2024
2000
1981
1952
129
106
81
53
30
9
2293
2271
2250
2228
2206
2184
2165
2142
2120
2100
2079
2058
2033
2009
1988
1967
1948
1927
1906
1884
161
141
114
82
54
32
12
2336
2314
2291
2271
2243
2217
2190
2170
2149
2129
2090
2068
2046
2028
2004
1984
1964
1944
1923
1902
180
151
124
94
72
53
33
13
2363
2343
2312
2291
2269
2250
2231
2211
2190
2168
2145
2125
2106
2085
2065
2047
2024
2004
1981
1961
136
76
47
23
2272
2250
2226
2206
2184
2162
2140
2123
2100
2081
2062
2043
2022
2002
1965
1938
1909
1890
1868
1848
125
99
78
50
24
1
2356
2328
2306
2287
2264
2245
