569
547
527
506
486
465
445
425
405
387
366
346
327
308
288
268
249
222
202
182
162
143
125
105
85
62
36
17
2364
2345
2317
2297
2273
2253
2233
2214
2196
2175
2155
2136
2113
2093
2075
2049
2027
2007
1989
1970
1951
1920
1901
1881
1863
1842
1820
1795
1776
1754
1735
1715
1696
1675
1654
1632
1612
1593
1573
1555
1529
1509
1487
1465
1445
1421
1400
1376
1349
1325
1297
1278
1258
1232
1214
1191
1171
1151
1131
1109
1086
1067
1047
1027
1003
981
957
933
912
888
865
841
818
795
777
753
731
709
688
667
645
623
600
580
561
519
500
479
453
433
413
393
372
352
330
311
290
271
253
234
3901
3882
3861
3842
3821
3800
3782
3764
3746
3727
3704
3686
3668
3649
3625
3602
3582
3556
3536
3507
3487
3467
3447
3427
3405
3385
3365
3344
3323
3300
3282
3259
3236
3215
3191
3166
3143
3122
3102
3081
3057
3034
3014
2992
2971
2951
2926
2905
2882
2859
2840
2816
2798
2777
2757
2736
2715
2695
2667
2641
2620
2599
2573
2554
2531
2512
2493
2473
2453
2431
2413
2392
2370
2350
2331
2310
2291
2270
2251
2229
2211
2190
2171
2149
2130
2108
2087
2064
2045
2022
2001
1976
1957
1934
1908
1886
1864
1844
1803
1784
4625
4605
4577
4552
4532
4511
4491
4471
4450
4430
4411
4390
4370
4345
4325
4307
4287
4266
4247
4222
4203
4182
4162
4143
4123
4103
4084
4064
4043
4009
3990
3969
3953
3922
3900
3881
3860
3840
3815
3795
3774
3755
3736
3716
3694
3667
3648
3627
3606
3584
3563
3545
3525
3504
3484
3461
3439
3415
3390
3370
3345
3323
3304
3283
3259
3239
3212
3190
3169
3148
3126
3106
3079
3057
3030
3009
2978
2959
2937
2914
2891
2868
2844
2821
2799
2776
2756
2730
2706
2685
2664
2640
2613
2590
2567
2543
2518
2499
2472
2447
4683
4656
4630
4600
4579
4560
4539
4517
4496
4476
4458
4437
4411
4393
4373
4352
4331
4312
4291
4264
4241
4220
4201
4183
4163
4143
4124
4105
4080
4059
4039
4020
3998
3976
3955
3928
3907
3885
3866
3838
3817
3798
3779
3756
3735
3712
3683
3664
3641
3620
3596
3578
3554
3527
3506
3483
3458
3439
3414
3391
3373
3346
3327
3307
3288
3271
3249
3226
3207
3181
3156
3134
3107
3085
3061
3036
3015
2992
2968
2946
2924
2902
2873
2851
2830
2804
2779
2756
2730
2702
2679
2657
2633
2613
2594
2573
2551
2530
2512
2492
4546
4520
4497
4468
4443
4417
4398
4379
4359
4339
4320
4300
4280
4260
4233
4211
4191
4171
4152
4134
4114
4096
4071
4046
4025
3994
3967
3942
3918
3893
3860
3832
3811
3790
3771
3754
3734
3714
3695
3674
3653
3632
3608
3587
3568
3549
3528
3507
3487
3468
3447
3428
3400
3380
3362
3342
3312
3291
3272
3253
3229
3209
3189
3168
3149
3130
3111
3090
3065
3043
3024
3002
2978
2945
2921
2900
2881
2859
2836
2811
2790
2768
2743
2717
2689
2664
2646
2625
2604
2585
2566
2546
2529
2505
2480
2456
2434
2413
2385
2364
4569
4549
4521
4495
4472
4444
4426
4406
4384
4362
4343
4317
4299
4280
4261
4241
4221
4200
4176
4157
4132
4113
4094
4070
4051
4031
4015
3994
3974
3956
3935
3912
3887
3866
3842
3823
3804
3784
3765
3744
3727
3708
3686
3666
3637
3617
3597
3574
3555
3532
3509
3488
3464
3440
3413
3380
3360
3331
3307
3286
3267
3241
3223
3199
3178
3154
3134
3108
3085
3064
3046
3024
2997
2978
2955
2933
2914
2892
2871
2849
2826
2797
2772
2752
2732
2710
2687
2670
2646
2623
2604
2584
2564
2538
2521
2502
2481
2460
2438
2420
4695
4674
4647
4623
4598
4578
4554
4534
4515
4494
4475
4455
4437
4418
4400
4374
4353
4334
4314
4291
4267
4248
4228
4202
4184
4164
4144
4124
4104
4086
4065
4045
4026
4007
3987
3968
3945
3922
3903
3884
3863
3843
3824
3803
3784
3761
3742
3716
3695
3668
3643
3622
3599
3577
3556
3533
3509
3486
3464
3439
3418
3396
3372
3350
3328
3308
3286
3265
3246
3226
3199
3179
3159
3136
3116
3093
3070
3046
3022
3001
2975
2955
2934
2914
2892
2866
2843
2823
2804
2783
2762
2742
2723
2704
2683
2662
2641
2621
2598
2578
4648
4627
4602
4578
4555
4533
4514
4495
4478
4453
4433
4412
4393
4371
4352
4327
4305
4286
4269
4249
4228
4207
4187
4167
4148
4130
4110
4090
4071
4045
4027
4008
3987
3969
3949
3921
3902
3882
3857
3840
3820
3798
3781
3761
3738
3718
3695
3674
3641
3612
3588
3566
3537
3518
3498
3478
3457
3439
3419
3396
3373
3352
3333
3306
3286
3263
3239
3210
3190
3167
3147
3125
3104
3080
3060
3037
3014
2993
2973
2951
2927
2905
2879
2861
2840
2819
2795
2777
2753
2732
2713
2693
2673
2655
2635
2605
2585
2565
2548
2528
4637
4615
4591
4571
4547
4527
4508
4489
4471
4452
4431
4412
4391
4367
4349
4331
4313
4292
4273
4254
4233
4213
4194
4176
4157
4139
4119
4100
4080
4061
4041
4021
3995
3977
3960
3939
3918
3900
3876
3856
3837
3817
3799
3779
3741
3716
3696
3672
3643
3622
3603
3582
3563
3538
3512
3492
3467
3448
3429
3410
3390
3369
3345
3325
3304
3288
3267
3234
3205
3178
3158
3135
3108
3088
3065
3040
3012
2990
2965
2946
2925
2900
2873
2850
2829
2808
2785
2764
2744
2719
2699
2675
2657
2638
2610
2587
2567
2547
2525
2507
4627
4609
4581
4555
4527
4508
4489
4471
4451
4432
4414
4395
4376
4357
4337
4319
4300
4282
4262
4240
4221
4203
4185
4166
4144
4123
4104
4085
4065
4043
4024
4005
3986
3965
3946
3922
3895
3868
3841
3821
3799
3781
3762
3741
3722
3704
3684
3664
3639
3620
3598
3580
3560
3538
3518
3495
3473
3447
3422
3399
3378
3353
3322
3299
3275
3257
3234
3213
3188
3163
3143
3125
