561
924
1292
1644
1985
2353
2706
3052
3434
3799
4157
4520
4873
5237
5605
5941
6316
6658
7000
7350
7702
8060
8418
8764
9125
9471
9838
10192
10538
10881
11267
11601
11955
12313
12659
13007
13342
13685
14026
14399
14757
15118
15480
15847
16212
16594
16946
17316
17670
18047
18401
18776
19146
19512
19858
20221
20573
20944
21329
21708
22088
22441
22779
23200
23569
23937
24310
24699
25062
25451
25835
26213
26580
26971
27333
27710
28061
28417
28801
29164
29547
29907
30265
30630
30987
31356
31696
32037
32435
32804
33159
33524
33901
34257
34608
34948
35304
35656
36009
36354
36711
37071
37432
37804
38150
38501
38859
39236
39316
39272
39330
39343
39324
39371
39330
39386
39357
39418
39383
39449
39445
39495
39458
39541
39501
39580
39524
39583
39539
39596
39536
39634
39585
39659
39603
39656
39712
39669
39739
39705
39652
39699
39632
39687
39669
39613
39671
39622
39682
39633
39599
39603
39695
39654
39701
39730
39703
39802
39768
39716
39647
39712
39688
39659
39606
39677
39642
39610
39669
39641
39604
39584
39661
39634
39591
39575
39676
39627
39683
39706
39685
39743
39742
39705
39773
39734
39802
39766
39718
39766
39735
39795
39744
39682
39748
39727
39774
39724
39752
39802
39771
39825
39787
39842
39812
39867
39861
39814
39884
39842
39915
39768
39840
39786
39878
39825
39783
39842
39772
39729
39780
39734
39697
39745
39722
39675
39642
39729
39677
39735
39704
39810
39742
39683
39728
39697
39761
39731
39674
39730
39686
39754
39702
39759
39707
39643
39694
39639
39688
39653
39678
39617
39581
39539
39586
39449
39503
39448
39392
39437
39405
39459
39401
39346
39398
39346
39379
39351
39307
39257
39308
39260
39231
39295
39243
39193
39140
39092
39151
39087
39037
38991
38915
38987
38961
39018
39022
38998
39058
39033
39086
39044
38993
39034
38980
39042
38999
39089
39053
39042
39115
39106
39049
39111
39114
39090
39197
39162
39163
39216
39218
39185
39269
39247
39195
39274
39258
39347
39329
39382
39341
39442
39402
39522
39571
39552
39609
39593
39549
39610
39635
39636
39612
39693
39806
39802
39780
39856
39841
39896
39853
39929
39890
39852
39907
39980
39913
39984
39961
39915
39949
39989
39943
39900
39975
39921
39962
39912
39938
39897
39957
39919
39968
39938
39980
40041
40114
40059
40026
40072
40033
40099
40062
40031
40079
40017
40059
40004
40065
40012
40071
40018
40098
40097
40138
40086
40047
39984
40046
39994
39994
40094
40059
40109
40152
40117
40054
40105
40051
40003
39968
39996
39920
39894
39848
39922
39884
39831
39781
39740
39698
39753
39724
39670
39643
39676
39647
39590
39574
39524
39562
39568
39538
39484
39445
39384
39352
39299
39359
39302
39251
39208
39144
39086
39029
38989
39065
39005
38968
38901
38938
38885
38847
38894
38867
38914
38856
38924
38886
38829
38867
38958
38922
38965
38939
38899
38929
38978
38926
38971
38951
39043
39011
38948
39003
38869
38909
38870
38817
38858
38809
38872
38814
38762
38807
38873
38817
38907
38860
38906
38885
38957
38952
38923
38999
39088
39075
39124
39084
39147
39093
39037
38987
39064
39001
38962
39019
38955
39004
38938
38979
38947
39028
39021
39057
38996
39051
39013
39069
39013
38962
39017
38959
39007
38951
38990
38959
39019
38972
38964
39005
38947
38887
38945
38900
38943
38902
38946
38900
38934
38894
38968
38925
38993
39048
38982
38948
39047
39059
39110
39066
39125
39077
39126
39076
39040
39087
39030
39102
39055
39098
39072
39017
39068
39001
38964
39012
38976
39036
39080
39044
38991
38966
39034
38992
39023
38981
39057
39013
39055
39023
39060
39027
39094
39134
39085
39030
38985
39029
39061
39028
38969
38916
38883
38838
38781
38745
38789
38738
38714
38779
38820
38786
38737
38790
38734
38856
38798
38852
38899
38862
38915
38875
38828
38763
38809
38779
38848
38801
38876
38873
38926
38869
38950
38909
38965
38998
38983
39039
38971
39007
38959
39040
38995
38928
38972
38977
39061
39011
39087
39138
39227
39195
39175
39218
39262
39217
39159
39118
39085
39139
39078
39131
39147
39240
39231
39316
39310
39409
39403
39482
39441
39472
39424
39470
39415
39465
39425
39471
39419
39462
39426
39418
39512
39455
39495
39461
39426
39479
39478
39423
39771
39720
39776
39756
39836
39827
39899
39837
39914
39880
39974
39960
40054
40051
40126
40080
40055
40124
40070
40158
40178
40168
40207
40164
40241
40196
40160
40216
40168
40224
40167
40207
40187
40247
40205
40144
40205
40171
40140
40188
40147
40183
40141
40082
40134
39974
40010
39964
40006
39951
40002
39959
40024
39951
39995
39931
39872
39813
39890
39727
39675
39697
39631
39707
39651
39709
39664
39593
39647
39605
39674
39625
39596
39562
39517
39482
39552
39515
39482
39430
39362
39421
39375
39453
39410
39471
39440
39476
39423
39474
39429
39399
39443
39390
39454
39414
39365
39400
39404
39452
39086
39121
39106
39070
39127
39080
39043
39095
39036
38979
38935
38994
38960
38905
38851
38796
38844
38794
38744
38800
38634
38690
38635
38707
38663
38614
38674
38613
38551
38614
38652
38598
38556
38602
38560
38655
38610
38558
38603
38559
38604
38559
38615
38556
38606
38557
38614
38558
38608
38646
38603
38575
38618
38576
38619
38658
38610
38662
38618
38676
38621
38674
38621
38674
38630
38663
38599
38637
38602
38656
38606
38568
38622
38565
38519
38579
38531
38531
38569
38517
38587
38542
38584
38535
38489
38536
38492
38549
38494
38546
38502
38442
38509
38460
38523
38476
38523
38466
38420
38484
38438
38496
38438
38398
38452
38400
38349
38403
38452
38418
38362
38421
38367
38412
38355
38404
38352
38385
38338
38386
38325
38378
38328
38393
38339
38399
38367
38417
38363
38421
38376
38427
38405
38476
38459
38404
38461
38422
38472
38422
38476
38417
38470
38410
38479
38429
38481
38432
38490
38453
38522
38471
38428
38461
38434
38550
38492
38546
38482
38435
38499
38462
38531
38489
38548
38599
38557
38638
38587
38634
38574
38609
38568
38626
38565
38502
38570
38538
38599
38549
38490
38561
38590
38542
38483
38545
38505
38571
38534
38599
38550
38610
38556
38614
38566
38515
38555
38614
38550
38515
38568
38511
38559
38517
38564
38508
38563
38515
38543
38575
38620
38580
38536
38614
38658
38603
38670
38632
38689
38644
38700
38645
38717
38664
38726
38679
38636
38685
38615
