595
977
1317
1666
2035
2459
2813
3178
3554
3932
4292
4661
5025
5387
5739
6094
6470
6810
7150
7543
7919
8288
8653
9008
9349
9726
10089
10438
10808
11157
11512
11888
12230
12591
12969
13334
13688
14036
14413
14774
15140
15482
15848
16200
16559
16913
17265
17637
17975
18336
18692
19064
19406
19775
20140
20496
20861
21226
21571
21933
22270
22597
22939
23291
23558
23414
23476
23444
23508
23474
23430
23480
23432
23398
23443
23388
23334
23381
23392
23436
23400
23346
23297
23363
23310
23357
23305
23262
23312
23253
23315
23272
23324
23245
23210
23242
23198
23253
23200
23163
23220
23171
23246
23234
23296
23276
23329
23276
23348
23320
23286
23365
23304
23389
23339
23299
23352
23326
23374
23310
23349
23419
23362
23423
23393
23364
23444
23383
23348
23390
23327
23372
23313
23278
23326
23365
23304
23355
23319
23307
23269
23312
23272
23339
23304
23405
23344
23376
23323
23365
23314
23348
23305
23372
23323
23388
23397
23443
23423
23478
23442
23384
23422
23392
23344
23393
23343
23404
23384
23330
23381
23332
23383
23345
23291
23358
23297
23242
23286
23258
23309
23285
23323
23292
23355
23310
23283
23340
23328
23397
23328
23388
23334
23394
23321
23372
23410
23335
23387
23327
23270
23325
23321
23283
23337
23300
23242
23282
23229
23296
23254
23300
23247
23312
23247
23214
23167
23219
23172
23219
23194
23254
23208
23161
23202
23168
23207
23167
23121
23183
23142
23191
23171
23118
23237
23188
23252
23207
23263
23220
23275
23236
23275
23234
23187
23248
23178
23239
23176
23119
23198
23170
23127
23194
23233
23175
23225
23190
23227
23149
23211
23158
23214
23162
23107
23159
23108
23160
23213
23158
23100
23150
23100
23150
23191
23134
23095
23139
23098
23148
23108
23170
23133
23110
23172
23115
23184
23121
23164
23110
23074
23125
23077
23123
22949
23008
22962
23055
22997
23068
23223
23188
23239
23210
23314
23261
23315
23278
23334
23395
23338
23285
23325
23368
23323
23344
23397
23361
23409
23359
23429
23370
23426
23359
23394
23337
23392
23363
23431
23395
23452
23406
23453
23412
23468
23522
23448
23502
23473
23414
23491
23452
23526
23475
23425
23474
23408
23464
23518
23450
23504
23459
23519
23465
23517
23459
23518
23485
23429
23459
23232
23191
23250
23181
23149
23197
23150
23212
23158
23116
23161
23220
23076
23130
23077
23122
23084
23119
23080
23138
23113
23156
23096
23164
23136
23190
23194
23233
23196
23145
23264
23212
23270
23221
23276
23292
23260
23315
23272
23342
23303
23234
23213
23275
23242
23303
23348
23309
23285
23343
23395
23417
23369
23439
23395
23458
23419
23502
23444
23509
23461
23523
23489
23595
23546
23530
23599
23566
23635
23604
23673
23658
23718
23702
23770
23756
23807
23761
23841
23798
23761
23820
23859
23809
23756
23808
23752
23693
23729
23700
23644
23591
23629
23636
23689
23629
23585
23615
23565
23631
23596
23642
23605
23553
23590
23534
23591
23616
23552
23609
23557
23505
23471
23519
23470
23538
23466
23413
23468
23408
23498
23450
23401
23360
23407
23361
23316
23348
23327
23266
23319
23265
23224
23166
23234
23178
23125
23172
23129
23092
23131
23086
23140
23065
23129
23075
23154
23125
23175
23132
23190
23147
23194
23157
23134
23178
23130
23197
23142
23198
23147
23092
23136
23092
23124
23191
23142
23103
23036
22994
23070
23134
23086
23041
23105
23073
23128
23085
23143
23202
23154
23096
23146
23096
23141
23152
23199
23147
23103
23146
23089
23161
23113
23172
23104
23170
23110
23159
23107
23179
23177
23262
23236
23283
23237
23319
23282
23221
23269
23220
23277
23235
23323
23292
23237
23306
23278
23329
23281
23341
23280
23336
23294
23350
23296
23352
23283
23345
23299
23343
23288
23290
23351
23304
23352
23308
23263
23326
23272
23325
23295
23354
23306
23354
23318
23284
23329
23509
23498
23562
23612
23554
23486
23544
23486
23544
23478
23528
23455
23514
23464
23398
23399
23453
23391
23449
23403
23446
23393
23444
23376
23423
23373
23319
23395
23359
23303
23363
23313
23378
23318
23368
23314
23361
23297
23343
23325
23392
23347
23380
23343
23313
23375
23308
23354
23309
23351
23327
23284
23333
23292
23348
23302
23357
23311
23266
23306
23031
22992
23044
22976
23046
23114
23065
23106
23060
23119
23076
23106
23070
23123
23094
23035
23083
23043
23082
23034
23073
23036
23092
23067
23136
23086
23134
23108
23084
23142
23105
23190
23142
23255
23208
23263
23269
23348
23330
23405
23378
23313
23362
23318
23388
23355
23411
23452
23423
23367
23416
23362
23423
23381
23445
23405
23365
23413
23376
23429
23490
23447
23492
23444
23498
23445
23404
23456
23424
23483
23431
23482
23451
23504
23453
23501
23448
23497
23455
23507
23478
23539
23498
23437
23477
23412
23477
23425
23386
23441
23424
23392
23426
23375
23424
23497
23454
23390
23313
23263
23319
23274
23323
23286
23337
23258
23218
23267
23219
23284
23306
23346
23301
23335
23290
23257
23321
23281
23330
23274
23335
23285
23368
23325
23261
23314
23261
23319
23257
23321
23262
23301
23248
23315
23269
23320
23257
23334
23285
23316
23258
23294
23244
23306
23260
23305
23245
23291
23243
23191
23240
23188
23250
23199
23177
23121
23077
23125
23084
23153
23121
23173
23100
23151
23111
23173
23126
23166
23108
23044
22986
23033
22982
23055
23010
23066
23011
22963
23012
23060
22992
22947
22999
22925
22987
22927
22974
22922
22980
23010
23004
23051
23004
23065
23004
22947
22995
22942
22985
22939
22989
22956
23001
22942
22984
22935
23022
23093
23059
23002
23051
23008
23059
23008
23069
23019
22970
23013
22946
22992
22960
22908
22952
23000
22960
22888
22948
23000
22928
22963
23011
22965
23006
22948
22904
22952
22889
22949
22906
22964
22995
22924
22970
22941
22992
22950
22982
22933
22984
22910
22988
23045
22987
22930
22973
23050
22986
23043
23002
23046
22998
22939
22989
23037
22982
23027
22982
22919
22932
22970
22931
22966
22913
22975
22913
22962
22914
22969
23035
22988
22923
22982
22929
22975
22930
22984
22918
22974
23017
22961
23005
22946
23003
22965
23010
22949
22997
22958
22995
22933
22990
22924
22984
22929
22975
22943
22994
22949
22984
23038
22892
22844
22879
22842
22869
22813
22869
22920
22871
22917
22853
22931
22890
22950
22908
22968
22923
22964
22919
22866
22922
22960
22897
