560
530
505
484
457
432
409
386
361
336
312
288
263
234
209
185
163
143
116
91
61
46
21
2349
2324
2299
2272
2245
2219
2194
2170
2130
2108
2086
2058
2034
2008
1982
1954
1928
1889
1864
1836
110
89
63
38
14
2367
2335
2309
2285
2259
2235
2209
2185
2155
2128
2096
2071
2047
2020
1995
1968
1942
1923
1895
1875
146
125
100
75
51
26
6
2432
2406
2382
2356
2329
2304
2284
2265
2238
2211
2185
2161
2133
2109
2083
2057
2037
2011
1988
1964
133
112
90
64
38
17
2384
2357
2330
2310
2285
2257
2234
2208
2181
2151
2125
2098
2073
2047
2022
1994
1970
1943
1922
1902
176
155
129
103
82
61
34
12
2486
2462
2435
2411
2386
2366
2340
2314
2288
2262
2237
2213
2188
2164
2139
2114
2085
2060
2039
2013
187
167
135
111
86
61
37
12
2507
2482
2453
2426
2400
2372
2347
2320
2296
2271
2248
2224
2198
2171
2147
2126
2105
2076
2056
2031
106
84
60
36
13
2381
2356
2335
2314
2285
2260
2237
2216
2196
2169
2145
2121
2097
2071
2046
2020
2000
1975
1954
1929
105
83
64
41
19
2425
2404
2379
2355
2332
2306
2279
2257
2227
2201
2181
2146
2117
2087
2061
2042
2012
1986
1957
1930
103
82
60
35
12
2406
2380
2353
2322
2297
2272
2253
2226
2205
2179
2156
2130
2103
2078
2056
2035
2012
1993
1969
1943
123
102
77
51
23
2439
2414
2393
2368
2343
2317
2289
2265
2239
2204
2177
2154
2135
2111
2088
2069
2040
2012
1989
1961
131
109
84
61
32
7
2415
2389
2363
2338
2314
2289
2263
2240
2213
2187
2166
2145
2124
2092
2065
2040
2014
1989
1969
1947
121
94
72
47
17
2375
2358
2332
2300
2275
2251
2226
2193
2166
2147
2121
2080
2060
2033
2001
1978
1953
1928
1901
1874
146
122
103
87
60
37
14
2537
2511
2488
2460
2432
2402
2376
2353
2327
2302
2277
2257
2231
2207
2179
2154
2120
2100
2075
2051
129
109
83
60
36
16
2434
2408
2382
2355
2329
2304
2283
2258
2237
2212
2187
2159
2127
2103
2080
2050
2023
1997
1970
1943
116
86
65
39
11
2372
2344
2320
2293
2265
2238
2211
2189
2169
2141
2115
2089
2064
2039
2013
1987
1961
1935
1907
1882
158
139
111
91
68
44
21
2445
2420
2398
2370
2341
2315
2292
2267
2241
2214
2192
2169
2146
2122
2095
2074
2046
2019
1995
1968
146
125
101
73
47
21
2498
2471
2447
2420
2397
2371
2345
2318
2290
2265
2243
2218
2195
2171
2150
2124
2099
2073
2048
2022
195
173
152
126
101
82
56
35
9
2553
2529
2503
2480
2459
2433
2407
2382
2357
2329
2309
2288
2263
2239
2212
2182
2155
2131
2102
2080
155
131
105
74
50
26
2405
2379
2357
2337
2307
2282
2258
2234
2213
2178
2152
2127
2099
2079
2058
2032
2006
1984
1958
1931
107
84
52
26
2
2348
2324
2304
2278
2259
2234
2210
2181
2155
2133
2108
2082
2057
2030
2012
1990
1961
1936
1909
1884
156
135
114
95
70
46
3
2480
2462
2437
2406
2377
2353
2328
2307
2278
2252
2232
2208
2183
2156
2131
2105
2083
2058
2031
2005
176
152
127
106
83
55
30
10
2457
2429
2406
2381
2357
2332
2302
2281
2254
2219
2194
2174
2150
2124
2092
2071
2050
2029
2004
1977
155
136
108
82
59
35
5
2439
2415
2391
2362
2337
2314
2287
2262
2238
2217
2197
2175
2147
2122
2096
2075
2052
2024
1999
1972
144
119
93
69
47
23
2425
2399
2381
2353
2327
2297
2275
2248
2226
2207
2189
2164
2144
2124
2101
2080
2050
2023
2005
1980
152
131
112
93
67
50
19
2589
2563
2538
2511
2492
2472
2446
2426
2406
2386
2364
2343
2323
2288
2259
2233
2208
2185
2161
2135
199
178
158
135
110
77
47
20
2513
2489
2469
2444
2420
2395
2372
2348
2327
2300
2276
2251
2229
2210
2183
2158
2134
2114
2089
2063
135
113
89
67
41
15
2372
2352
2331
2308
2280
2255
2226
2199
2179
2153
2128
2104
2078
2056
2021
1997
1971
1947
1922
1896
167
144
119
99
76
47
20
2614
2594
2571
2541
2517
2498
2470
2441
2414
2394
2365
2337
2315
2287
2264
2235
2214
2188
2166
2138
109
81
50
25
0
2357
2330
2307
2283
2256
2231
2211
2188
2165
2142
2116
2085
2063
2035
2011
1984
1954
1928
1900
1874
151
129
101
76
53
33
2420
2398
2377
2357
2336
2311
2281
2249
2225
2206
2178
2151
2123
2096
2068
2046
2021
1995
1968
1943
124
100
70
49
25
2370
2345
2319
2292
2268
2246
2221
2201
2182
2153
2126
2100
2082
2056
2035
2006
1977
1950
1924
1899
177
156
133
104
82
61
31
11
2523
2491
2468
2445
2418
2393
2367
2336
2308
2287
2261
2242
2214
2193
2165
2138
2113
2087
2059
2040
114
90
64
37
11
2361
2336
2316
2294
2269
2243
2217
2192
2166
2145
2117
2098
2072
2053
2034
2003
1977
1953
1926
1902
174
150
125
106
84
60
33
9
2429
2406
2379
2353
2325
2302
2280
2256
2236
2210
2186
2167
2132
2107
2081
2055
2034
2009
1984
1963
136
114
89
69
50
25
2453
2425
2400
2371
2347
2319
2295
2276
2248
2222
2199
2176
2149
2123
2104
2080
2054
2028
2006
1984
162
141
117
93
66
34
3
2492
2467
2448
2421
2400
2378
2355
2329
2298
2270
2243
2220
2194
2166
2145
2118
2095
2070
2049
2025
197
176
154
129
102
83
59
34
7
2601
2574
2545
2524
2494
2469
2443
2420
2399
2372
2346
2325
2300
2276
2254
2230
2200
2175
2148
2122
190
169
147
118
87
62
