474
846
1203
1562
1907
2271
2624
2984
3336
3680
4043
4399
4748
5120
5462
5840
6189
6546
6913
7273
7629
7791
7859
7835
7817
7865
7815
7786
7836
7894
7858
7811
7864
7829
7876
7831
7798
7858
7818
7867
7836
7790
7834
7799
7737
7801
7754
7709
7770
7725
7772
7751
7808
7766
7831
7788
7738
7786
7728
7688
7765
7764
7846
7794
7871
7829
7793
7845
7806
7896
7938
7903
7871
7922
7882
7834
7911
7882
8003
7966
8035
7999
7940
7889
7961
7928
7888
7930
7892
7842
7893
7848
7788
7841
7780
7847
7805
7768
7724
7658
7729
7705
7773
7717
7800
7753
7691
7764
7695
7745
7713
7779
7746
7823
7774
7850
7812
7766
7815
7877
7842
7794
7768
7847
7808
7766
7825
7785
7839
7876
7868
7811
7860
7816
7783
7859
7810
7862
7832
7792
7853
7803
7916
7891
7848
7928
7868
7834
7892
7977
7946
7916
7958
7922
7874
7980
7955
8024
7969
7906
7966
7914
7880
7840
7900
7867
7812
7865
7830
7786
7843
7793
7852
7817
7771
7743
7783
7714
7779
7756
7860
7832
7813
7894
7851
7809
7864
7918
7884
7838
7891
7852
7898
7844
7907
7869
7817
7876
7836
7897
7851
7801
7753
7713
7781
7742
7795
7746
7722
7763
7728
7792
7748
7806
7769
7723
7799
7734
7773
7727
7789
7766
7718
7765
7749
7714
7739
7798
7794
7745
7827
7812
7904
7878
7944
7898
7888
7960
8022
8001
7952
7998
7991
8068
8045
7999
8056
8008
7982
8045
8015
7973
7939
7902
7875
7943
7919
7884
7919
7878
7833
7893
7845
7821
7778
7839
7798
7862
7809
7863
7814
7757
7813
7764
7709
7780
7756
7682
7736
7676
7740
7696
7751
7720
7676
7723
7684
7749
7714
7664
7756
7827
7775
7725
7798
7804
7833
7800
7868
7831
7894
7849
7921
7872
7826
7878
7836
7902
7859
7866
7939
7899
7855
7909
7854
7880
7845
7904
7900
7877
7968
7915
7884
7927
7877
7946
7899
7946
7912
7898
7848
7906
7888
7942
7924
7893
7919
7872
7844
7791
7757
7793
7734
7788
7761
7828
7783
7836
7792
7751
7827
7772
7739
7794
7741
7710
7760
7723
7786
7749
7804
7751
7801
7748
7807
7765
7744
7799
7758
7819
7760
7728
7786
7753
7801
7766
7725
7787
7741
7815
7782
7852
7800
7860
7810
7747
7832
7784
7735
7804
7767
7836
7802
7761
7808
7758
7819
7775
7818
7793
7733
7793
7737
7792
7761
7825
7801
7766
7815
7772
7743
7792
7750
7713
7793
7856
7812
7798
7863
7820
7887
7866
7938
7878
7856
7895
7868
7849
7928
7895
7972
7935
7992
7962
7939
7921
8034
8003
7941
7996
7936
7892
7962
7932
8003
7962
7936
8045
7987
7985
7955
8038
8004
7973
8058
8034
8019
7975
8034
8001
8065
8011
8128
8094
8042
8076
8026
7971
8034
7990
7961
7934
7976
7950
7927
7908
7981
7936
7908
7980
7944
7993
7842
7892
7848
7895
7865
7943
7882
7861
7932
7895
7885
7961
7940
7916
7890
7951
7920
7897
7950
7928
7986
7984
8062
8023
8106
8088
8167
8191
8141
8162
8135
8182
8211
8173
8149
8225
8213
8200
8281
8262
8216
8207
8191
8260
8229
8206
8207
8156
8189
8169
8128
8112
8065
8110
8057
8053
8013
8065
8034
7982
8037
8005
7950
7917
7874
7920
7885
7838
7879
7851
7777
7850
7789
7880
7817
7805
7784
7854
7798
7760
7824
7762
7799
7754
7700
7768
7710
7786
7739
7794
7743
7777
7728
7689
7752
7712
7659
7692
7656
7710
7654
7702
7665
7708
7643
7599
7645
7604
7643
7591
7657
7716
7681
7656
7691
7812
7875
7911
7859
7803
7857
7809
7842
7782
7843
7910
7849
7802
7869
7929
7876
7826
7940
7922
7998
7764
7825
7796
7856
7804
7852
7796
7840
7789
7841
7810
7874
7836
7804
7862
7824
7888
7738
7782
7739
7693
7733
7658
7621
7682
7651
7714
7766
7715
7669
7715
7689
7762
7717
7679
7739
7696
7737
7713
7760
7726
7797
7849
7810
7773
7820
7777
7817
7788
7849
7792
7755
7828
7788
7770
7799
7745
7814
7768
7732
7801
7765
7832
7802
7754
7805
7745
7792
7755
7722
7776
7718
7775
7699
7698
7738
7690
7732
7692
7648
7712
7694
7668
7715
7666
7736
7691
7761
7718
7799
7742
7806
7776
7833
7770
7834
7794
7861
7814
7762
7835
7769
7724
7784
7749
7833
7784
7750
7813
7778
7832
7810
7793
7846
7789
7836
7787
7829
7778
7845
7800
7852
7805
7758
7815
7801
7756
7824
7819
7788
7910
7888
7854
7927
7892
7964
7914
7954
7908
8001
7960
8067
8041
8119
8093
8083
8174
8167
8126
8108
8159
8125
8202
8173
8141
8209
8163
8294
8255
8208
8295
8326
8295
8242
8236
8289
8259
8211
8170
8203
8073
8047
8100
8035
7995
7955
8007
7858
7919
7875
7848
7785
7841
7820
7797
7816
7772
7746
7796
7745
7826
7780
7724
7791
7752
7818
7760
7839
7802
7833
7804
7863
7811
7774
7726
7783
7727
7819
7789
7848
7773
7734
7810
7764
7810
7776
7846
7825
7813
7885
7830
7789
7845
7811
7845
7847
7960
7926
7885
7938
7905
7962
7913
7878
7959
7935
7989
7939
7898
7846
7910
7886
7915
7900
7961
7927
7789
7844
7811
7861
7809
7769
7826
7784
7733
7778
7753
7802
7746
7799
7757
7706
7748
7687
7760
7728
7789
7749
7707
7750
7710
7772
7730
7779
7751
7791
7745
7712
7786
7727
7783
7739
7786
7747
7905
7858
7833
7897
7845
7905
7867
7836
7871
7846
7918
7885
7947
7918
7893
7954
7911
7980
7950
8069
7919
8015
7971
7924
7994
7941
8006
7989
7946
7990
7952
7904
7965
7922
7891
7953
7917
7879
7941
7812
7876
7852
7797
7879
7825
7903
7854
7820
7878
7839
7908
7881
7864
7928
7886
7963
7910
7878
7951
7924
7881
7920
7951
7921
7980
7910
7955
7891
7941
7878
7844
7920
7890
7847
7912
7909
7848
7905
7861
7792
7846
7809
7771
7729
7768
7733
7822
7779
7847
7812
7864
7848
7799
7851
7791
7783
7839
7787
7830
