37
35
47
34
33
36
34
33
46
33
39
35
35
34
33
33
34
33
33
31
32
36
32
34
33
33
31
31
36
35
33
32
30
33
32
32
33
31
32
32
31
34
32
31
32
36
31
32
32
33
39
31
30
32
32
32
30
31
37
32
30
30
30
34
31
47
31
32
31
31
32
31
31
31
35
31
34
35
31
32
32
33
32
32
31
33
32
32
34
31
31
33
33
29
31
32
31
33
30
31
31
44
31
30
35
35
32
32
32
32
30
31
33
32
33
35
36
34
35
39
35
32
36
31
34
34
34
33
34
32
35
35
31
34
33
32
34
32
32
32
32
31
31
34
34
31
33
36
30
34
33
36
34
34
33
38
30
34
33
34
33
36
33
33
32
41
30
31
31
33
33
32
32
33
34
33
32
31
45
37
34
34
31
31
41
38
31
34
35
33
32
34
31
31
34
32
37
33
37
32
33
36
32
40
35
31
32
31
30
33
30
32
35
31
39
30
32
33
36
32
32
32
31
32
33
31
32
32
32
32
34
33
30
31
32
32
32
31
32
32
31
32
33
38
33
32
30
30
30
45
31
30
32
31
31
34
31
33
34
33
32
30
36
38
32
33
31
32
30
32
38
34
35
32
30
31
33
31
33
34
31
33
31
31
40
32
32
33
34
36
32
33
31
31
33
34
31
30
33
32
33
35
30
35
32
32
33
35
32
31
31
32
31
31
31
41
32
30
32
34
31
32
32
39
30
34
41
37
32
37
31
31
32
31
32
30
33
31
31
30
31
32
34
33
31
29
30
32
31
32
34
31
32
33
31
30
34
34
31
30
31
29
34
31
32
31
31
44
33
32
33
37
41
31
35
33
33
31
31
39
31
32
29
32
33
34
30
31
32
31
30
32
31
29
33
30
30
30
34
33
31
31
30
31
32
30
32
39
30
31
32
30
32
35
31
31
40
31
31
33
34
32
32
32
33
32
30
35
34
35
32
31
32
33
39
30
34
31
38
30
32
40
31
29
43
34
30
29
37
36
30
32
33
31
31
62
32
33
32
32
39
35
32
33
31
31
31
33
30
33
31
32
32
31
31
31
31
31
29
31
31
33
31
32
33
33
32
31
33
32
31
31
32
32
32
31
30
33
31
31
33
36
32
30
39
32
38
31
32
30
32
30
32
30
32
32
43
39
31
30
31
31
32
33
30
31
34
32
30
32
31
30
35
31
32
39
31
33
31
30
31
30
32
32
32
30
38
32
36
33
36
35
33
33
34
34
32
30
32
33
34
31
30
33
34
32
34
32
32
31
34
30
32
32
32
31
33
32
33
33
33
33
31
31
31
33
33
31
33
30
34
31
32
34
33
31
31
32
32
32
34
33
31
35
32
33
35
36
32
31
30
31
34
32
31
35
32
34
37
33
31
33
38
42
42
34
33
40
33
32
30
34
34
31
33
35
33
38
36
31
32
32
32
32
34
35
39
33
39
32
43
31
35
32
34
33
37
36
32
32
32
32
40
33
33
32
33
33
32
32
39
40
35
32
32
33
32
33
31
32
35
33
31
32
31
33
31
33
33
32
37
34
31
31
41
44
31
33
31
33
33
31
34
33
31
31
33
33
32
33
32
36
33
41
33
32
32
32
33
34
34
32
33
33
34
31
32
31
31
30
32
32
39
30
32
35
33
40
33
33
31
31
32
32
32
31
32
31
32
31
32
31
32
33
32
32
33
34
31
34
32
31
32
29
32
30
33
31
34
36
31
31
30
32
32
31
30
32
37
31
31
32
32
30
35
32
31
30
33
30
32
30
33
32
31
30
32
31
31
34
31
31
31
32
39
30
33
34
34
33
33
33
34
32
33
40
32
31
32
33
33
39
32
31
33
34
30
32
32
30
34
33
32
32
32
30
31
33
32
31
32
32
30
32
32
32
32
38
33
33
32
30
31
40
32
30
30
40
33
32
33
33
32
31
31
32
30
30
35
31
33
33
31
31
32
33
31
32
33
33
33
31
31
31
30
36
33
30
31
33
33
34
43
34
33
38
29
32
31
33
32
33
33
31
31
33
31
31
32
33
32
32
35
30
37
31
31
33
31
32
32
31
33
34
33
30
32
33
31
30
32
34
31
31
32
31
29
34
35
31
32
33
31
31
35
29
32
32
34
31
31
35
33
32
31
31
37
31
33
31
32
32
30
34
35
30
33
35
34
30
30
31
33
29
41
34
34
38
32
32
38
34
31
32
32
35
34
32
34
31
35
33
32
43
32
33
36
34
33
31
