49
34
37
32
38
34
35
36
35
35
35
35
33
35
35
37
35
36
39
34
32
33
35
35
51
34
37
36
35
35
34
35
34
42
39
32
34
36
35
36
41
35
36
35
34
36
33
35
43
44
37
38
32
35
41
34
34
38
35
37
35
33
34
80
32
41
32
33
36
33
38
33
35
39
32
35
44
35
35
33
33
33
35
35
35
34
36
33
35
35
34
35
36
37
36
35
35
36
33
32
35
35
35
32
42
33
36
37
37
36
48
40
39
32
41
34
33
33
38
35
40
35
40
41
42
39
35
33
34
41
34
33
34
34
36
33
33
34
40
35
31
32
33
34
40
38
32
35
36
33
37
34
36
34
35
38
37
40
37
33
37
31
39
42
37
36
32
35
34
34
34
34
36
37
35
34
36
41
36
36
36
33
35
39
35
35
35
35
33
32
41
34
36
34
33
32
34
35
35
35
34
33
33
42
35
38
37
34
37
37
33
34
40
40
35
34
35
37
34
34
35
37
34
36
36
34
38
33
34
38
35
43
34
34
37
34
36
38
35
37
33
37
35
36
37
33
38
40
35
35
50
40
35
35
41
39
45
45
33
34
36
33
34
39
34
35
45
34
34
35
35
36
32
34
34
40
34
33
36
32
33
33
34
36
35
35
33
35
41
34
36
39
38
39
33
38
35
46
45
35
37
36
46
34
34
34
36
34
37
35
42
34
35
36
40
39
37
36
34
33
35
41
36
33
34
32
39
43
34
34
37
37
31
38
47
35
36
38
35
36
34
33
31
40
42
34
35
35
33
34
34
39
35
36
34
35
39
40
35
34
36
32
35
34
33
34
34
35
33
37
35
36
34
35
36
34
33
35
33
35
37
36
35
37
40
34
39
38
35
44
32
32
47
45
37
36
34
36
35
36
34
32
35
34
42
36
37
34
36
37
36
36
33
36
33
40
36
33
37
34
32
35
35
36
35
35
33
36
34
37
36
35
32
36
32
33
35
35
35
33
35
34
37
33
32
34
209
35
34
35
34
38
37
36
32
35
34
34
35
41
32
38
34
41
45
41
36
38
42
33
37
33
39
33
37
35
47
36
36
36
40
36
38
43
35
33
39
60
36
36
38
36
35
33
38
39
34
33
34
34
34
32
35
35
35
34
34
33
34
36
35
34
33
43
36
32
44
44
36
35
37
37
38
36
34
35
36
33
33
35
34
34
34
34
35
34
34
37
39
30
34
38
35
36
36
35
34
36
33
38
36
47
34
38
33
36
37
41
35
34
36
33
35
40
34
36
38
37
37
36
38
36
33
33
35
32
33
36
35
34
34
35
33
32
34
33
34
35
32
35
36
34
35
32
33
37
34
35
36
34
33
38
34
33
36
56
34
35
37
33
35
34
42
36
34
35
39
38
32
32
43
33
36
37
33
35
33
35
34
37
34
33
34
33
34
35
35
34
35
34
35
34
34
36
36
33
33
33
32
36
42
47
41
34
36
37
35
35
39
34
35
35
35
38
41
35
42
37
35
36
38
32
35
35
36
34
34
36
34
37
37
39
36
36
33
34
34
34
34
35
35
36
34
35
37
36
35
39
38
35
35
34
37
41
33
48
33
34
35
35
37
44
37
34
34
36
37
42
35
34
45
37
34
35
35
32
35
35
41
34
32
36
34
36
34
34
37
35
34
35
37
33
35
36
39
36
34
37
35
35
36
37
39
34
37
38
36
36
36
34
36
43
34
40
34
35
32
34
37
35
33
32
33
31
33
33
36
35
36
32
35
33
34
34
35
31
32
69
33
62
35
34
34
34
35
33
33
37
34
37
43
35
37
34
34
33
35
33
39
40
34
39
34
37
34
35
35
38
34
32
35
35
34
35
36
36
34
39
39
34
34
36
36
36
41
33
35
35
52
34
33
34
34
36
35
36
33
33
35
39
34
37
33
34
34
37
34
34
33
33
36
35
39
34
38
34
32
37
42
34
36
48
34
33
34
36
35
35
33
36
33
35
35
35
34
33
32
36
36
36
34
33
35
35
33
35
44
35
39
34
34
31
48
35
35
33
31
35
34
34
34
38
36
35
39
35
36
35
35
35
34
35
35
34
34
39
36
33
33
35
41
40
39
35
32
35
35
35
33
37
39
34
35
35
36
35
36
40
35
35
34
34
33
36
47
35
32
36
34
33
35
38
34
34
33
33
43
33
31
36
35
33
33
36
36
39
35
33
36
37
36
37
35
36
33
34
36
35
38
35
35
35
34
39
43
34
34
35
33
38
