35
39
33
33
39
31
42
31
30
31
32
32
31
32
32
33
32
32
32
29
33
32
32
32
31
31
32
40
33
33
31
32
31
31
32
32
31
29
33
31
31
32
34
30
30
32
30
32
33
32
30
32
32
32
30
32
31
30
29
32
33
42
33
32
31
30
32
39
34
31
31
31
38
32
32
32
33
40
34
33
34
33
31
34
31
30
32
33
32
32
30
32
36
32
32
31
33
31
31
33
29
32
34
31
35
31
32
31
34
32
31
32
32
29
32
32
33
34
32
29
33
31
31
31
32
31
30
44
36
34
31
30
32
32
32
40
30
38
34
32
31
31
31
31
31
33
32
34
32
44
50
30
41
34
33
34
32
33
38
31
32
43
35
33
31
31
33
30
32
34
33
39
31
30
36
32
32
36
35
33
31
35
34
32
31
33
30
31
33
31
39
31
31
31
32
32
40
30
34
32
39
31
31
30
33
30
33
31
31
33
31
32
32
31
32
31
38
32
32
33
30
33
31
48
31
31
36
42
48
35
34
30
32
34
31
37
36
31
31
33
37
30
36
32
50
40
39
35
32
33
39
34
34
39
33
33
32
32
30
36
34
34
34
32
32
31
34
32
33
34
35
32
32
33
33
36
31
36
48
34
33
30
30
32
32
32
31
34
31
31
32
34
32
32
33
31
30
31
32
31
35
32
31
33
33
33
32
32
35
30
33
32
31
31
31
33
31
31
33
30
31
32
33
31
32
31
30
34
35
33
30
30
32
30
32
31
31
32
34
31
35
33
33
31
32
32
31
30
30
33
32
29
32
32
28
32
32
31
30
31
29
31
29
37
32
30
32
32
38
32
30
32
32
30
30
31
32
32
36
34
32
32
32
31
44
34
32
30
30
32
30
34
32
33
31
39
31
30
32
34
30
30
30
30
32
31
33
31
30
30
30
32
32
31
32
30
44
32
31
33
31
33
33
31
31
33
33
42
36
31
30
33
32
34
32
33
31
32
31
33
33
31
32
31
32
31
30
31
31
29
33
30
32
30
32
29
30
32
29
33
31
33
30
33
33
31
32
34
31
31
32
31
40
30
29
34
36
35
34
31
34
33
31
36
32
32
31
33
33
30
33
31
30
33
33
34
31
33
38
33
31
32
32
32
32
32
34
34
31
43
41
32
34
34
33
32
33
33
33
35
33
31
35
35
32
30
39
35
49
33
33
31
32
31
35
31
32
32
33
32
36
31
32
31
34
36
31
33
40
36
32
33
32
33
34
33
39
33
34
32
33
32
32
33
38
31
33
31
31
33
30
32
33
33
32
35
33
34
33
34
31
29
33
31
31
30
31
33
31
29
30
31
38
36
31
42
29
37
31
43
39
41
34
35
32
31
32
30
31
32
31
31
34
30
32
32
40
35
32
31
32
40
34
34
32
30
30
33
33
32
31
32
33
30
30
33
30
40
32
36
30
30
31
33
30
30
31
34
31
29
32
30
49
32
30
31
30
31
38
33
30
31
32
32
31
31
38
32
32
31
30
30
31
32
33
31
33
32
35
32
32
43
32
42
31
30
30
34
32
30
30
32
31
31
31
29
31
31
30
31
33
37
32
32
33
30
31
32
33
33
32
31
35
32
31
37
34
31
33
33
39
32
31
34
34
30
38
33
34
37
34
34
33
33
30
30
31
30
31
31
30
34
44
31
43
38
30
29
31
31
33
30
47
35
34
31
38
30
29
33
33
32
33
29
34
33
33
32
39
33
37
32
32
33
41
32
32
45
36
35
41
31
33
34
34
34
31
36
33
32
30
31
40
34
34
34
30
41
32
33
32
30
31
32
28
31
33
35
31
36
32
31
32
32
34
30
46
33
32
31
31
39
32
33
32
30
32
36
41
36
34
35
33
32
33
30
31
35
30
33
34
32
35
32
34
30
32
32
32
30
38
33
31
36
32
32
33
33
32
31
33
33
32
33
33
33
31
33
36
33
34
31
35
34
34
33
32
44
35
36
34
33
31
36
37
39
31
33
31
32
31
32
32
34
33
32
31
31
32
32
34
32
31
34
32
32
31
34
34
32
33
33
35
32
39
32
33
33
33
34
31
34
31
31
32
32
31
37
38
36
33
33
31
33
32
32
35
35
39
31
40
33
33
33
32
32
34
33
33
39
34
37
34
32
37
33
33
32
33
32
32
31
33
34
32
44
35
31
33
32
32
33
33
33
32
33
32
55
35
32
33
31
30
31
31
31
32
31
31
33
31
38
32
32
31
38
33
31
32
33
