35
35
35
33
29
31
33
30
33
31
32
32
31
32
33
33
33
30
32
38
30
34
35
36
41
32
30
32
35
36
33
32
31
37
34
34
33
43
37
35
33
42
36
31
32
37
35
33
31
34
31
31
38
35
37
31
34
33
33
32
33
32
34
34
37
34
34
39
32
38
34
34
31
33
31
31
31
33
35
32
31
31
37
39
37
33
31
33
31
35
30
34
32
40
31
33
34
29
30
32
34
36
31
44
35
33
33
33
34
33
34
39
33
31
32
32
32
31
31
32
35
31
32
35
30
33
39
33
35
31
34
36
30
32
31
33
31
34
37
36
30
32
32
33
33
36
37
32
31
57
35
31
34
35
33
33
33
30
32
31
32
33
33
33
39
31
33
32
34
33
31
35
32
31
35
42
36
35
33
34
30
34
31
37
38
32
31
33
34
36
33
33
31
32
30
32
33
31
32
38
32
31
33
31
31
37
33
31
32
34
30
34
33
33
32
32
33
34
32
35
33
31
33
32
32
31
41
33
34
37
35
38
32
32
36
34
32
31
31
31
30
32
32
31
30
31
32
31
29
32
31
32
31
36
37
32
33
31
33
36
30
30
30
35
31
30
30
34
29
33
31
31
32
32
31
30
33
30
30
32
33
31
32
34
32
30
31
30
32
32
34
31
32
32
32
32
30
34
32
32
31
35
49
31
32
30
32
32
33
31
32
32
34
32
37
31
32
30
34
32
42
30
29
30
29
32
31
31
36
36
35
41
36
30
31
35
31
32
31
34
33
40
33
36
32
33
36
31
32
33
34
30
36
37
31
32
32
32
33
33
30
33
30
46
36
35
33
44
32
42
37
34
32
32
33
37
36
36
40
33
29
32
30
32
31
33
30
33
31
39
32
38
31
42
35
31
32
31
30
37
32
33
32
31
33
32
35
44
33
35
32
33
31
32
32
31
34
30
35
32
33
31
33
33
31
32
33
31
37
35
34
35
32
32
32
44
36
34
31
31
32
31
31
33
30
36
33
37
34
33
33
33
36
31
34
32
31
31
34
33
32
31
32
32
35
33
33
32
35
32
33
33
33
32
31
33
39
32
31
56
31
33
33
31
34
32
33
32
32
33
30
31
33
32
31
38
36
33
32
33
34
34
32
33
32
42
31
32
39
40
34
31
33
31
32
31
33
31
39
31
32
33
33
42
39
38
45
38
34
37
32
34
31
31
30
40
33
32
30
35
31
32
30
30
35
30
31
31
32
31
30
32
32
34
30
32
30
31
33
32
30
32
33
31
30
32
32
38
33
31
35
30
34
33
37
32
35
33
37
31
32
43
33
32
48
36
34
32
31
35
32
34
33
30
31
30
32
31
39
32
33
32
30
31
30
31
32
34
42
32
33
32
37
29
31
32
32
31
55
32
34
31
36
33
37
30
31
33
38
36
38
34
34
47
34
36
31
31
33
31
39
32
32
33
32
30
33
30
32
31
33
32
33
33
35
32
31
31
35
31
31
32
31
33
30
34
31
30
33
31
38
35
33
34
32
32
32
38
35
36
35
32
37
31
33
34
34
37
32
33
33
44
30
31
33
35
31
32
32
32
31
32
31
31
32
32
32
32
31
34
31
31
33
32
32
34
31
31
32
32
37
34
32
32
40
30
32
36
32
35
31
31
30
32
31
31
33
31
30
39
34
31
32
31
34
29
33
30
30
35
30
31
31
32
32
33
31
32
32
31
32
30
29
32
33
30
31
29
32
77
33
37
31
31
31
29
31
36
32
34
30
30
32
30
31
31
32
31
47
31
31
31
32
36
30
33
31
31
30
33
29
32
34
38
32
33
31
34
37
31
32
30
31
33
29
32
31
32
33
39
32
31
31
31
36
38
30
31
36
35
35
30
32
30
34
32
29
30
31
31
29
32
32
30
31
30
29
32
32
32
39
35
33
35
31
35
30
31
34
31
33
32
30
31
31
30
39
31
31
32
34
32
29
36
30
31
31
36
31
31
42
30
33
31
32
33
33
33
30
30
31
32
33
30
32
40
31
33
31
30
33
35
30
32
33
30
32
32
32
31
30
32
42
31
31
35
30
30
31
31
48
32
31
32
33
33
30
32
35
37
34
41
37
32
33
34
41
31
33
30
32
42
33
34
31
31
37
38
31
32
37
33
39
32
32
34
32
33
34
33
33
33
32
32
34
34
34
34
33
33
32
33
32
32
31
33
32
33
32
32
32
37
35
31
33
32
34
32
30
31
56
31
31
33
32
30
32
38
32
33
