35
42
33
35
32
34
35
31
31
31
31
30
32
30
32
37
37
42
29
38
32
39
35
33
32
34
34
35
35
47
38
30
32
31
30
31
34
35
33
32
31
32
31
34
44
33
32
33
31
39
31
36
35
34
33
32
33
32
33
32
35
33
30
32
31
36
30
39
33
33
31
31
34
32
31
35
34
33
31
32
35
35
39
33
32
32
35
33
31
34
33
32
32
31
33
31
33
32
34
33
32
33
32
35
40
32
33
34
37
33
32
33
31
32
31
32
33
33
35
33
32
39
32
33
31
33
33
39
33
39
36
30
33
34
33
32
31
32
35
29
35
34
31
31
34
32
31
32
31
54
31
31
31
31
30
30
43
33
35
38
34
32
44
33
32
32
34
31
34
32
32
33
33
34
40
33
42
38
33
32
35
32
39
32
35
35
34
40
32
33
44
31
31
31
34
32
33
34
42
35
33
38
32
32
32
31
34
43
35
31
34
39
33
31
31
41
40
32
32
30
30
30
34
42
30
31
37
31
41
32
31
32
32
31
31
31
39
34
32
33
34
32
32
36
33
31
32
32
34
32
31
34
31
39
31
36
31
32
33
33
33
31
33
30
35
36
33
33
31
31
33
35
30
31
31
32
38
33
33
32
32
33
30
39
31
34
33
33
31
34
46
34
32
35
31
34
32
30
30
30
31
34
29
31
32
35
34
34
32
37
31
34
32
32
31
33
34
32
30
32
33
37
34
34
33
31
32
78
61
53
32
30
31
33
33
31
35
41
32
47
33
32
33
33
29
31
33
40
33
31
35
35
34
36
40
40
34
39
33
33
33
31
35
35
31
31
32
31
32
31
31
31
30
31
33
34
38
33
32
34
37
31
32
31
31
33
31
33
31
39
32
30
31
30
33
40
30
30
41
31
38
31
36
34
33
30
36
33
30
32
31
29
50
41
32
39
30
32
38
32
38
34
31
30
33
40
32
33
35
32
32
33
38
37
31
32
35
33
33
32
32
31
36
33
37
41
44
33
34
32
31
34
33
35
45
35
32
37
32
30
30
32
31
32
31
32
31
32
30
32
31
30
31
32
31
30
31
31
32
31
29
30
32
32
34
36
34
31
29
31
32
30
29
31
32
32
39
53
30
30
32
31
32
31
38
33
30
32
34
34
36
31
36
31
32
36
33
31
32
37
32
30
36
32
34
33
29
31
33
31
44
33
33
30
41
43
34
43
36
40
32
34
32
33
31
29
34
31
33
38
31
34
31
31
30
32
37
30
33
31
37
30
33
40
35
35
38
32
31
33
32
30
41
30
31
33
33
34
32
30
39
33
32
32
41
40
31
36
32
33
33
34
51
35
33
31
31
31
34
52
33
37
50
55
33
33
32
30
38
34
30
42
30
32
30
32
31
34
31
33
34
34
34
33
31
31
31
32
32
29
67
34
43
32
40
31
31
34
34
40
42
38
34
34
33
41
41
36
33
35
31
33
36
31
32
31
33
33
53
33
33
35
32
32
31
31
32
32
32
33
35
31
32
32
32
32
35
35
31
39
34
31
32
50
40
31
33
32
34
31
33
32
32
31
32
30
31
30
32
31
32
33
35
34
30
31
31
31
39
30
32
31
32
34
32
30
32
31
31
31
34
34
32
32
39
32
41
37
33
33
35
31
32
31
33
31
31
31
31
33
32
33
32
32
30
32
32
34
32
34
36
32
36
32
36
40
36
32
29
40
29
33
35
32
35
31
32
31
33
32
37
40
40
32
32
39
41
40
32
33
30
33
36
35
33
33
32
32
30
31
36
41
39
40
32
32
32
36
39
32
33
30
32
35
231
234
96
44
33
35
42
36
32
29
36
30
31
30
32
32
40
56
32
31
32
32
31
32
33
31
39
31
32
30
32
47
34
35
40
33
47
32
32
33
34
30
31
32
32
36
31
36
33
33
32
33
33
31
36
35
35
35
31
40
34
34
34
30
30
32
33
32
30
33
32
31
27
32
31
49
31
30
32
33
36
32
32
33
32
35
37
34
33
33
31
30
34
33
31
31
34
31
31
32
35
36
34
32
31
30
33
32
32
31
32
33
35
34
33
32
35
34
33
33
33
32
32
31
31
33
33
31
42
31
31
32
31
36
33
31
32
34
31
41
34
37
31
33
33
31
32
31
34
34
32
34
31
32
33
34
45
33
35
32
31
33
39
39
37
35
35
36
32
38
35
31
35
31
30
32
30
33
33
36
34
38
36
31
33
32
32
32
32
31
36
33
31
29
32
32
