33
33
34
33
31
31
39
32
30
32
32
31
32
31
32
42
32
31
33
38
30
33
29
33
32
31
32
31
35
39
33
31
33
35
32
32
36
33
33
31
32
31
32
31
32
34
33
31
33
31
32
31
33
34
33
31
32
36
46
32
42
34
40
32
32
31
34
31
34
34
31
33
32
33
44
34
31
33
33
35
35
31
31
37
31
31
33
32
34
31
35
32
33
37
34
32
39
30
32
32
30
32
29
31
33
33
32
32
35
37
40
32
31
33
33
31
31
33
33
31
32
33
36
31
29
31
33
32
34
35
34
36
34
32
36
37
33
37
34
33
36
36
32
51
30
33
32
32
35
31
33
31
39
33
31
33
35
32
32
35
35
31
32
31
30
33
32
31
32
32
32
31
31
33
36
33
33
31
36
35
36
30
32
31
39
34
35
34
31
35
35
35
32
35
44
38
33
31
32
33
38
38
30
32
32
32
30
32
31
31
32
32
33
33
32
31
32
32
33
30
33
32
42
33
34
34
31
46
33
34
33
31
33
32
30
33
34
31
30
30
33
32
31
31
31
31
56
37
35
34
32
33
32
31
33
33
38
32
39
32
33
30
34
33
32
35
42
30
30
32
30
36
36
31
32
31
32
40
32
34
34
31
30
33
33
31
31
32
33
33
33
30
31
30
33
34
31
30
31
30
32
31
33
34
31
34
34
47
30
30
32
32
30
32
34
31
30
30
30
33
34
32
31
30
33
30
33
31
36
36
33
33
35
36
33
33
35
31
34
42
32
35
35
34
30
32
33
32
33
32
32
31
33
30
35
47
32
39
32
40
34
35
32
31
32
33
42
44
33
32
33
43
31
32
40
32
32
31
35
34
34
32
38
30
36
32
32
31
31
33
32
33
34
31
32
37
32
32
38
30
30
32
31
32
30
33
35
29
31
31
31
30
31
29
31
31
31
30
30
35
34
31
30
33
30
30
31
30
40
31
33
34
31
32
31
32
32
31
31
32
30
32
34
30
30
31
32
31
33
46
30
31
32
30
48
38
44
38
42
33
33
37
33
32
31
33
34
31
31
30
34
33
30
31
40
29
31
30
33
36
36
30
36
30
34
32
30
31
32
33
31
29
31
32
30
33
31
30
30
31
32
31
39
36
38
36
32
30
31
32
29
32
32
30
31
33
33
31
29
30
31
31
33
33
32
32
30
31
34
34
32
33
32
31
31
33
31
37
32
32
32
30
37
31
31
29
31
30
32
38
31
31
31
33
30
31
32
33
32
32
32
31
32
32
32
31
31
32
33
31
37
31
34
32
32
33
32
39
34
35
34
31
29
31
35
31
33
33
31
32
30
32
34
33
31
32
33
29
33
32
30
32
31
31
32
30
36
31
31
32
31
33
31
33
32
33
32
37
34
37
32
32
31
31
34
30
30
31
35
41
32
33
30
33
31
32
30
32
37
33
41
44
32
30
32
33
31
33
31
32
32
33
40
37
31
37
29
31
42
38
31
31
35
33
32
31
33
30
35
31
31
32
32
31
32
30
31
31
35
33
33
31
32
32
32
32
31
32
34
42
31
33
31
37
33
36
32
32
31
30
33
32
32
34
34
33
31
33
32
33
30
31
38
34
31
31
31
31
32
33
35
32
32
33
33
33
32
31
34
36
35
34
35
33
33
30
32
31
31
32
31
31
33
32
34
30
36
31
34
31
33
32
31
31
35
31
32
34
33
34
33
31
31
33
33
31
32
32
31
31
31
35
31
34
32
31
31
31
39
37
31
32
31
30
36
30
32
36
30
32
32
30
30
33
30
31
30
34
33
30
34
31
31
30
32
29
30
33
34
30
32
32
31
32
38
32
29
31
33
33
30
30
32
30
33
30
32
30
35
35
34
36
37
35
31
31
34
29
44
30
38
34
33
31
31
32
33
35
33
30
32
30
32
33
33
32
32
31
37
31
30
33
30
30
33
32
32
33
32
30
39
33
29
31
31
32
30
31
32
33
33
37
30
31
30
31
31
30
33
30
32
29
40
29
31
32
32
31
33
31
32
32
31
31
31
30
31
31
31
30
31
32
31
31
29
31
30
32
32
33
33
28
30
29
30
30
33
31
34
37
45
33
32
31
30
30
32
33
32
32
34
31
30
33
31
30
31
31
30
31
41
29
32
33
37
29
32
37
31
31
31
36
31
35
30
31
155
40
44
30
35
31
31
38
31
35
30
31
32
36
33
33
30
37
32
32
35
33
30
33
30
32
29
31
34
33
33
34
31
32
