43
42
40
39
40
40
37
40
31
43
45
39
36
40
34
40
38
40
42
40
38
38
38
37
45
37
39
37
33
41
39
41
43
40
38
37
37
33
34
36
36
36
36
42
32
35
38
32
41
39
40
40
37
33
32
38
40
40
36
43
37
33
39
40
38
39
36
32
38
33
39
37
40
39
36
40
40
36
39
38
34
36
38
32
36
32
39
47
36
33
32
35
35
34
41
35
36
32
38
46
37
38
40
39
39
37
37
41
44
35
32
31
38
32
39
38
44
37
41
35
40
40
34
38
45
37
39
39
36
35
38
35
40
37
36
34
38
39
44
38
37
39
31
37
37
37
41
39
63
35
39
37
37
45
39
38
40
44
37
32
40
40
39
40
43
37
33
37
37
38
39
42
34
38
38
42
37
34
39
39
39
38
42
39
33
40
40
39
40
45
36
32
41
45
35
41
38
40
35
39
39
39
41
37
37
41
39
40
38
37
33
36
37
42
37
41
40
33
39
39
50
32
40
41
39
40
38
70
37
33
38
41
42
42
38
40
40
34
38
40
37
39
46
41
40
39
39
38
43
40
35
33
39
42
40
42
46
36
42
36
40
36
40
40
39
32
39
39
40
40
40
39
39
40
33
38
33
41
41
38
35
46
37
40
33
39
38
45
38
33
38
37
36
33
32
41
38
32
37
38
32
32
39
39
38
39
38
39
34
41
39
38
39
39
41
31
36
31
41
32
36
38
36
39
38
41
39
38
38
41
38
38
38
39
40
43
45
42
42
40
43
34
40
33
34
36
42
38
42
33
43
32
36
40
33
34
39
40
40
37
37
37
33
33
37
33
35
33
38
38
39
32
41
34
33
44
37
39
37
40
37
40
44
33
43
35
33
37
41
40
38
38
37
38
33
38
34
36
40
41
42
40
37
32
42
40
38
33
38
41
36
34
38
41
38
40
40
37
38
40
40
38
39
36
38
40
44
34
40
39
38
31
45
37
41
38
43
36
68
40
39
38
37
39
39
38
38
39
40
34
36
40
40
40
37
39
36
47
40
36
41
37
40
38
41
40
34
42
39
37
36
41
39
31
36
36
39
36
45
38
39
37
32
37
36
38
35
41
31
37
43
36
39
33
39
37
32
33
32
39
35
36
43
33
36
44
38
33
36
37
51
40
36
39
39
39
39
33
39
45
38
44
38
39
42
39
37
38
37
40
41
38
37
33
41
34
33
34
38
41
42
39
39
37
39
43
36
35
44
35
38
38
39
32
31
37
37
36
34
39
37
37
39
34
40
37
39
37
38
37
33
35
38
38
35
36
40
33
39
39
39
37
40
39
38
38
40
39
40
43
37
37
33
33
52
34
32
33
42
41
37
42
38
39
35
39
38
34
39
46
32
39
34
36
42
33
44
31
38
31
39
38
38
38
41
32
42
46
49
38
33
37
55
55
37
33
39
39
42
38
36
33
45
34
32
41
33
32
42
41
40
45
40
35
43
42
33
32
57
37
40
33
36
36
39
40
48
32
33
37
33
41
32
32
38
44
42
34
32
33
35
39
39
40
38
38
38
32
39
37
40
38
39
36
38
38
39
37
37
40
32
33
32
32
38
31
39
36
38
58
57
47
46
36
35
35
42
40
34
48
47
33
42
58
39
37
100
38
41
44
38
34
34
46
33
40
37
34
39
40
38
39
35
36
33
38
41
39
40
39
37
37
39
36
34
35
40
33
35
38
43
43
31
35
38
38
37
38
40
37
37
38
32
33
39
38
31
38
38
38
35
38
39
41
40
38
42
40
32
32
39
33
31
42
35
39
40
36
41
41
38
40
31
38
41
44
40
32
36
36
36
42
40
40
46
41
42
39
38
34
39
40
34
40
37
33
40
39
39
32
38
35
33
33
40
38
41
45
45
40
37
36
39
39
39
38
39
37
38
33
36
35
35
37
48
37
38
34
35
36
39
38
36
37
36
37
38
39
35
32
37
36
35
30
30
38
33
38
40
37
40
37
40
38
36
36
40
33
40
40
32
39
41
31
43
38
40
37
40
32
34
38
35
55
38
40
38
33
43
37
33
37
46
41
39
36
38
38
44
46
41
40
36
36
41
32
42
39
39
38
39
40
41
37
37
36
40
40
40
38
40
37
38
39
41
42
40
37
41
36
36
35
34
40
40
39
38
41
35
38
36
40
39
41
40
35
42
39
39
39
41
39
41
39
39
41
35
39
36
39
38
39
37
38
37
40
36
35
33
38
33
38
40
39
37
33
34
39
35
34
