38
39
42
39
39
38
41
37
38
42
42
34
35
42
32
40
40
38
35
44
37
35
39
42
44
37
42
38
39
44
35
41
40
34
42
39
35
44
46
33
43
39
42
40
43
46
39
40
38
42
42
41
45
41
38
38
34
34
41
43
38
46
59
35
45
35
41
35
40
41
42
40
40
41
41
42
43
37
40
39
42
39
42
49
34
41
39
40
38
40
41
43
40
41
42
41
35
41
31
41
40
43
45
45
41
40
40
40
37
38
44
39
35
44
41
44
44
41
42
42
40
40
54
39
38
36
34
43
41
43
37
41
41
38
37
43
43
42
35
183
41
46
43
41
40
43
34
34
38
41
44
41
43
43
43
36
42
42
40
40
42
35
35
40
72
40
42
33
35
40
40
44
46
40
42
43
37
43
44
39
42
35
39
38
41
40
40
42
41
42
40
45
41
38
33
45
36
44
40
40
42
40
36
39
40
43
37
33
40
39
39
41
43
42
40
32
42
34
42
32
50
43
41
34
39
45
40
84
40
38
41
35
42
39
37
43
43
41
40
39
40
42
41
39
38
40
47
37
40
32
40
41
43
41
34
33
41
41
38
40
40
43
39
39
43
40
40
41
43
44
35
50
37
42
35
38
38
41
44
41
43
38
41
43
41
41
40
42
39
39
39
45
38
42
40
38
43
42
38
42
39
43
41
40
41
42
35
38
43
42
40
43
35
37
41
40
35
40
41
40
43
41
42
42
41
45
39
36
40
41
41
34
44
45
39
45
42
42
42
42
35
38
40
41
40
42
40
41
41
40
41
43
41
41
33
41
35
40
41
35
49
39
40
42
41
36
38
41
41
42
43
41
34
41
38
41
39
34
41
39
40
43
39
35
40
41
40
41
41
42
42
39
38
40
42
38
39
43
36
37
44
42
39
39
42
37
34
39
35
39
40
33
39
42
40
42
40
36
43
41
41
41
42
43
38
40
35
42
44
40
42
34
39
41
37
39
38
34
41
39
41
39
37
34
42
55
39
42
35
41
34
42
44
42
39
41
42
43
43
41
41
40
42
41
40
34
40
48
44
39
41
41
33
34
40
37
36
42
45
44
38
38
41
43
44
40
39
42
42
41
35
42
38
39
41
44
41
35
38
38
42
39
42
41
43
34
44
42
43
44
33
41
35
39
40
35
39
47
40
43
42
34
42
38
40
38
42
46
40
40
39
42
47
40
40
40
42
39
42
33
43
37
39
40
42
41
42
41
41
34
44
41
36
43
42
40
44
39
45
41
35
41
42
35
34
34
40
41
43
41
44
40
39
40
39
40
40
42
38
41
37
39
40
41
37
40
41
44
33
36
35
51
41
37
45
45
36
41
35
40
35
38
44
41
37
42
40
42
43
43
41
36
39
42
44
39
40
38
43
43
41
40
39
42
40
37
43
43
42
35
35
37
38
36
39
41
38
37
42
38
37
39
40
42
42
42
42
42
35
41
36
40
43
36
41
42
44
35
38
44
43
40
41
45
36
42
39
45
36
42
34
43
44
43
41
43
40
42
35
39
40
40
43
48
39
40
41
35
40
35
41
37
41
46
38
40
40
42
42
41
41
46
40
44
39
42
32
36
41
39
43
42
51
44
39
38
42
42
41
33
44
35
40
40
36
38
34
36
45
40
36
40
40
39
50
43
40
40
38
31
38
39
36
40
41
37
40
41
43
33
38
45
41
39
47
42
42
36
36
44
38
42
35
39
42
41
43
38
39
39
34
40
37
38
40
38
37
37
39
41
43
39
35
36
51
41
41
42
47
43
42
43
34
34
44
41
32
37
40
36
42
39
43
38
39
37
40
40
34
32
49
43
47
34
44
41
41
40
40
41
37
40
46
39
41
41
40
41
43
38
39
38
39
38
32
42
37
36
41
40
39
42
41
42
39
42
39
40
42
40
36
44
43
37
36
45
39
41
39
39
39
40
35
42
36
42
42
38
43
46
42
36
40
42
41
43
42
43
41
43
41
42
35
42
38
36
44
38
37
44
35
43
44
41
44
41
42
37
41
42
41
38
35
42
36
42
42
41
42
40
36
42
41
40
39
40
41
34
40
36
40
40
46
34
37
42
43
44
42
45
40
42
39
38
36
41
33
38
39
39
40
43
38
40
41
55
33
42
39
33
34
42
40
38
40
38
37
38
44
40
44
36
37
36
42
41
35
40
34
40
42
39
40
40
38
40
40
41
40
42
41
41
39
37
52
42
39
35
40
41
41
41
44
39
41
40
39
42
34
46
