32
34
33
31
39
33
32
30
33
32
34
31
33
32
34
31
33
29
32
31
32
36
30
33
32
32
37
37
34
33
35
38
34
34
34
36
33
38
38
31
33
34
34
34
33
32
32
34
33
35
34
33
33
32
32
34
33
32
33
42
41
32
34
34
32
30
35
32
41
37
34
31
32
36
32
37
36
42
31
31
32
32
34
32
32
37
31
32
33
32
33
35
30
32
34
35
32
31
31
44
31
32
36
37
32
40
31
32
34
32
31
32
35
31
31
31
31
31
36
36
33
34
32
32
31
31
45
49
45
38
30
31
31
34
32
35
33
32
31
32
31
33
32
32
51
31
33
31
33
31
31
32
29
35
36
32
32
32
32
30
31
34
33
32
31
39
34
32
40
32
32
30
37
33
30
42
37
33
34
33
33
32
32
31
31
32
33
40
37
34
33
31
35
32
32
31
36
34
38
35
32
33
38
34
34
32
33
34
34
32
32
34
33
32
33
34
33
32
37
31
39
32
31
37
34
33
34
33
31
33
33
35
34
32
38
35
37
33
32
67
32
49
32
34
34
34
33
33
31
36
33
33
34
33
33
31
32
30
46
37
35
32
33
31
33
33
31
34
36
31
31
32
32
41
32
34
36
42
33
34
33
33
31
39
30
35
31
40
34
36
31
34
31
32
34
33
33
33
31
33
34
34
37
31
32
32
32
35
32
31
32
33
32
32
34
42
30
31
31
32
32
32
32
31
33
33
35
36
30
37
31
33
35
31
32
31
32
34
33
32
31
32
32
33
33
46
31
48
31
30
31
36
30
31
30
32
32
34
32
31
36
42
34
38
32
39
32
40
32
31
32
34
32
30
30
32
35
36
34
37
32
34
36
32
34
41
32
30
34
33
30
31
32
30
32
32
35
33
32
33
43
39
33
38
33
32
37
30
32
32
31
33
32
43
33
34
34
32
39
34
31
31
37
33
36
34
34
36
36
35
34
33
31
32
40
33
33
32
31
36
38
48
32
52
40
36
31
32
31
33
33
33
32
32
33
65
31
35
33
31
34
32
39
38
34
34
32
33
32
38
31
35
35
34
31
33
37
36
34
35
33
33
33
33
33
35
35
35
32
43
35
37
31
32
34
34
33
36
33
33
34
32
33
33
34
33
35
31
31
32
34
33
32
31
38
33
32
32
60
36
36
32
34
35
42
33
38
38
34
39
34
33
34
32
30
32
33
31
31
33
38
33
33
33
38
35
32
34
32
32
31
33
31
32
31
40
33
31
33
33
32
31
47
32
34
32
32
48
33
37
36
33
32
35
32
33
40
37
31
37
33
31
32
39
36
36
32
33
31
36
34
50
34
33
33
32
34
33
32
32
33
38
33
32
32
35
34
39
31
33
31
32
34
33
32
33
33
34
32
33
34
33
38
33
34
34
34
33
41
34
33
36
32
34
31
33
30
32
30
31
29
35
30
32
31
33
31
31
32
30
34
34
41
39
29
31
33
30
32
31
30
30
31
30
32
30
32
43
31
31
37
32
30
31
32
31
35
38
33
30
33
33
33
32
34
32
34
30
34
31
31
33
31
32
31
37
33
35
32
32
32
33
30
34
33
30
34
30
33
31
31
31
32
32
34
30
31
29
33
31
30
31
32
30
32
32
46
46
33
33
34
32
33
32
32
34
39
35
35
35
43
36
43
34
33
31
34
31
35
32
33
33
32
39
42
34
32
33
32
30
31
33
31
33
34
33
40
31
31
32
33
34
32
32
32
33
35
32
32
33
31
33
31
32
37
36
31
34
32
32
33
34
31
34
33
32
33
32
32
32
43
38
39
41
34
33
32
31
34
30
32
33
32
30
32
33
32
32
31
34
32
32
32
31
32
34
213
50
42
34
37
33
34
31
31
42
33
34
31
34
32
34
32
33
34
31
33
35
33
33
31
35
32
31
33
33
32
38
33
33
30
32
32
32
30
32
40
32
34
33
32
33
31
33
34
32
36
36
34
30
30
32
39
33
33
34
32
32
31
32
36
32
31
32
41
33
34
33
33
35
31
39
32
33
31
33
32
36
32
33
34
33
34
34
33
33
41
31
32
32
36
37
33
35
31
31
33
34
33
33
32
33
32
35
33
37
33
30
38
31
32
31
31
32
31
41
35
30
40
33
31
33
33
34
30
34
31
37
30
32
34
31
30
30
33
31
32
30
34
30
33
34
32
33
31
33
33
40
32
33
31
32
35
36
34
31
33
50
33
30
32
33
30
31
31
31
34
32
31
33
