33
35
33
34
33
32
35
32
34
37
32
34
34
32
33
32
34
32
33
32
32
36
32
31
32
34
32
39
36
36
30
31
30
32
34
36
31
33
35
32
37
36
33
32
33
32
31
33
32
32
34
31
31
29
34
31
32
32
32
30
31
32
30
33
31
32
34
32
32
39
30
35
32
31
31
31
33
37
43
39
39
36
34
33
34
33
33
31
38
31
33
34
33
32
39
34
31
32
35
33
33
32
31
33
32
37
33
33
39
32
33
32
31
34
30
32
39
32
33
37
33
32
32
30
33
32
31
34
37
35
35
34
35
34
32
35
33
33
34
33
33
39
34
33
35
34
34
35
32
31
32
33
33
31
36
32
34
33
33
30
34
34
35
44
39
33
32
33
32
35
34
32
35
33
34
35
31
34
35
34
32
37
33
31
30
33
33
33
31
35
34
33
33
31
29
33
30
34
31
33
34
31
32
34
32
31
34
32
32
33
31
30
31
31
30
31
40
35
34
29
31
32
30
32
32
33
31
39
36
32
33
34
31
31
30
33
38
37
32
31
37
34
32
32
31
32
30
36
31
30
32
33
32
31
32
32
30
33
30
33
32
32
32
33
30
32
38
31
33
35
31
45
32
33
30
30
33
34
36
33
34
32
33
31
32
43
33
33
34
34
34
31
32
35
31
33
32
34
38
35
29
36
30
30
33
35
32
31
31
32
41
33
32
31
32
34
42
32
31
51
33
32
32
31
32
32
30
34
36
40
33
36
32
33
32
34
32
32
33
33
31
33
32
35
30
33
74
36
31
33
34
32
42
33
33
33
33
36
33
34
31
32
33
35
49
42
33
32
32
32
31
34
32
33
34
32
35
34
35
47
35
32
39
34
34
38
32
34
33
30
32
32
38
32
33
30
33
32
31
39
40
31
33
35
33
32
33
33
33
31
44
33
31
49
33
32
33
33
31
36
31
32
34
31
33
32
33
43
37
34
34
31
31
33
33
33
33
31
32
31
33
43
34
32
33
33
32
32
32
32
31
33
35
33
31
68
32
34
34
36
32
35
35
32
37
36
45
34
42
31
36
33
32
35
31
32
33
34
46
33
36
30
32
33
32
33
30
36
31
32
33
36
32
31
31
33
41
38
42
31
31
30
31
31
36
39
30
30
35
31
36
34
32
30
36
32
32
29
32
34
36
30
33
32
29
32
32
34
33
34
31
32
32
33
31
30
31
32
32
31
32
30
33
35
33
34
33
33
33
31
31
31
32
32
33
30
34
37
32
37
31
35
32
31
34
32
30
29
34
32
32
29
33
30
33
33
32
37
36
33
33
33
33
30
38
32
33
33
34
35
31
31
30
34
31
32
33
33
34
33
31
31
31
37
30
32
33
31
32
33
32
31
33
31
30
30
33
31
38
33
32
32
31
33
32
31
31
33
36
32
34
31
32
31
32
33
31
32
29
32
32
30
29
31
32
33
34
55
32
33
31
32
32
32
31
31
32
33
32
30
32
33
30
32
31
32
31
31
31
32
30
32
30
31
31
30
31
35
38
33
36
32
30
36
40
37
33
32
32
33
32
34
31
30
32
31
33
31
33
33
33
30
32
38
30
33
37
33
33
30
32
32
31
39
31
35
36
33
33
36
31
33
33
36
34
31
32
33
45
33
32
32
32
32
31
38
33
35
34
41
39
37
34
38
43
31
32
33
32
34
31
43
33
34
38
36
31
33
34
39
43
32
33
32
33
36
37
37
34
34
36
34
39
33
33
33
33
36
35
35
35
31
31
33
31
34
33
35
33
31
45
38
34
34
33
32
34
32
32
35
32
32
37
33
32
34
32
33
34
33
32
32
35
33
31
32
32
32
32
31
35
33
33
32
34
31
34
33
34
37
38
34
31
32
29
36
35
31
33
30
32
32
33
31
36
37
32
32
32
34
33
32
31
30
33
29
31
32
32
32
31
32
33
32
35
31
32
33
32
33
31
30
31
32
32
64
33
32
34
32
31
32
32
33
33
31
30
32
32
32
32
30
32
31
32
31
31
32
31
31
30
29
31
32
30
38
31
29
33
33
31
41
39
31
33
30
31
31
33
33
39
32
31
36
35
32
32
33
33
33
33
30
30
33
32
32
30
31
30
30
33
30
38
32
33
32
34
33
31
34
31
32
33
31
31
31
33
32
32
33
31
33
31
35
29
31
32
32
37
33
34
30
32
31
31
32
36
35
34
33
32
34
32
36
35
32
41
35
32
33
31
33
32
31
34
32
37
33
33
36
