35
37
33
33
31
32
43
34
34
33
33
35
35
32
32
32
34
32
34
32
33
35
33
34
32
31
31
32
36
38
32
33
32
34
34
33
33
31
32
31
32
33
34
35
31
31
32
31
33
32
32
32
32
30
33
33
31
32
31
39
35
33
31
35
32
37
36
30
36
33
33
32
47
41
36
30
33
33
34
32
35
31
30
39
32
30
34
31
31
31
33
32
32
31
32
31
33
31
37
31
32
33
33
54
38
32
31
35
30
44
32
32
32
31
32
32
33
40
32
33
30
43
31
30
37
34
37
30
38
35
35
32
33
36
44
34
33
31
32
31
34
34
34
32
34
32
31
33
32
32
32
32
33
31
31
35
32
33
36
35
34
34
33
31
35
34
33
32
32
31
36
33
33
31
34
35
38
30
33
33
35
33
33
34
33
34
31
32
35
36
31
32
34
32
31
33
32
33
33
32
31
34
32
33
39
33
33
30
31
33
32
33
35
39
32
35
34
34
32
33
33
31
32
33
35
31
33
32
33
35
35
33
33
31
34
32
31
33
34
33
33
33
34
33
33
35
39
33
35
35
33
34
33
32
33
36
33
34
33
36
33
32
33
32
34
33
32
35
32
36
36
41
39
38
36
32
35
38
37
33
40
34
33
31
37
32
33
34
33
33
34
34
31
33
31
39
33
31
37
31
34
33
31
33
35
32
33
34
41
38
34
32
33
32
40
36
33
31
33
32
32
32
37
32
32
32
35
33
34
34
37
36
31
31
31
31
32
31
33
31
31
32
31
33
30
32
36
31
30
32
31
32
31
38
31
30
32
33
32
47
30
30
32
31
36
33
32
31
32
33
32
35
32
30
31
31
31
32
33
37
32
32
31
35
34
41
32
32
34
29
40
39
32
32
36
31
31
32
31
33
31
32
31
31
31
32
32
33
32
31
33
31
33
32
32
30
36
31
33
30
31
32
33
31
34
30
33
34
36
35
33
31
32
33
31
34
30
34
33
32
35
42
31
43
29
33
32
34
31
33
31
39
30
32
32
64
31
34
30
32
30
32
31
32
32
37
33
32
34
31
33
40
32
33
34
33
33
33
32
32
32
32
31
31
33
32
31
30
35
31
34
29
30
33
30
31
30
38
31
31
31
34
38
31
30
30
31
39
40
34
32
35
31
33
31
31
32
33
30
30
34
33
32
32
31
37
32
32
34
34
34
31
38
33
32
32
34
30
35
33
35
32
32
32
36
38
37
33
32
32
35
34
34
33
32
35
31
35
32
34
33
33
42
36
32
31
33
32
32
32
32
32
32
34
33
33
32
32
34
35
35
33
33
30
33
33
33
32
34
33
41
30
34
33
41
31
34
34
33
33
43
33
32
33
34
32
31
32
31
33
38
36
33
32
33
31
34
32
35
34
31
32
33
33
33
32
33
35
34
34
33
38
38
36
50
41
34
33
31
33
30
34
30
30
32
37
30
34
39
34
31
31
65
31
32
31
32
33
32
30
32
35
34
32
31
29
31
31
29
33
32
39
37
32
32
31
33
30
31
32
31
34
34
32
31
38
33
33
32
31
32
34
32
34
31
33
34
33
34
31
31
33
31
31
31
33
29
33
39
30
30
31
34
33
32
29
31
31
31
31
34
32
30
32
31
32
30
32
38
35
37
37
32
32
30
34
30
35
33
31
30
34
32
33
31
33
30
34
35
43
39
31
32
38
32
31
37
32
37
34
31
31
31
40
33
30
33
32
31
31
29
32
31
32
30
39
33
32
30
30
32
31
33
32
35
32
30
36
32
43
31
30
33
32
32
32
32
29
31
37
32
41
30
33
34
30
32
31
35
33
33
32
30
33
31
49
31
30
33
31
32
32
32
31
32
30
30
36
34
34
32
34
30
30
33
32
34
31
34
35
34
32
33
33
34
45
31
32
30
33
30
39
35
38
30
33
33
33
33
33
36
31
38
30
32
35
33
31
32
32
31
31
32
31
31
31
32
34
31
32
32
31
33
32
32
33
33
33
31
32
31
32
31
34
33
31
36
31
37
38
30
33
40
30
33
31
46
31
33
31
30
39
41
31
32
32
34
31
32
30
32
30
33
42
30
31
33
30
35
35
32
34
31
31
32
32
33
31
33
31
30
32
39
33
37
32
33
30
32
31
32
31
37
30
31
32
31
33
33
32
31
241
38
34
34
36
38
32
33
30
31
31
38
32
33
29
31
31
34
31
31
32
32
33
31
32
32
31
32
33
34
32
30
30
30
31
30
31
34
38
