37
56
38
38
40
45
36
41
39
37
40
36
44
44
43
38
44
38
35
36
43
42
39
34
35
42
40
42
45
41
42
40
41
39
43
43
43
43
47
38
36
42
41
35
43
39
48
44
39
39
39
41
42
41
40
39
40
40
42
35
42
41
35
47
38
40
41
39
42
40
34
44
45
63
43
37
39
38
48
40
45
40
35
41
37
37
42
43
41
42
43
42
44
43
42
34
43
35
45
40
40
45
42
42
38
39
33
40
36
41
42
41
40
45
38
43
44
40
42
43
42
41
47
39
41
33
42
36
41
43
42
43
39
39
43
41
42
40
43
39
39
40
43
40
41
33
40
40
40
35
47
45
43
41
37
32
42
43
54
42
39
39
43
37
44
46
42
35
41
40
37
46
38
36
36
38
43
37
40
45
43
41
43
40
36
49
41
40
36
34
45
37
39
35
42
33
43
41
45
49
36
42
52
41
37
40
44
42
36
41
41
39
41
44
42
42
41
41
39
41
45
42
41
42
45
49
37
74
40
54
41
38
41
38
42
36
44
43
37
42
37
41
41
40
36
42
37
40
42
39
42
38
36
42
38
42
40
44
44
41
41
40
42
41
40
39
52
37
41
40
45
42
40
34
42
40
42
40
41
41
39
36
31
41
39
38
36
40
48
45
39
45
42
39
43
43
48
38
41
43
40
44
40
42
44
40
39
38
40
40
47
43
41
40
40
33
41
43
41
42
39
41
40
37
42
34
41
43
36
40
38
38
41
40
39
37
43
43
33
35
45
36
56
36
47
39
39
35
36
39
35
38
49
40
42
41
40
41
43
34
36
42
45
40
45
34
33
41
44
40
39
42
42
42
40
44
44
44
35
43
35
39
39
34
40
43
42
41
39
42
42
40
37
36
32
37
37
45
90
62
38
36
46
39
36
37
45
45
69
52
36
34
46
39
42
41
152
41
43
37
38
45
36
40
35
41
35
37
37
39
40
41
36
40
42
40
39
34
35
34
49
42
42
46
39
38
40
43
38
41
40
35
39
43
39
43
42
36
42
41
42
39
40
39
43
40
38
35
43
36
39
40
39
46
40
40
34
41
36
40
33
37
42
35
45
40
38
39
43
47
37
53
36
41
41
35
40
40
42
37
40
38
46
40
41
45
42
38
39
44
36
38
40
36
35
37
40
43
40
38
40
38
38
42
40
37
82
38
42
47
36
42
42
40
43
42
41
41
41
40
39
36
44
41
42
48
35
42
41
40
42
38
40
41
37
41
41
43
41
43
40
40
40
44
41
54
39
177
44
43
35
38
39
40
35
36
42
44
42
46
36
33
34
41
41
37
41
41
39
32
39
45
41
42
37
37
42
42
36
39
41
41
40
38
34
39
44
38
39
42
54
38
53
34
43
43
39
34
37
33
37
44
38
38
36
43
42
40
49
37
37
38
54
35
41
40
35
43
35
39
40
39
41
33
43
41
41
39
35
39
40
38
43
37
51
43
35
43
46
45
40
39
39
41
44
40
42
42
39
40
35
45
44
35
39
46
36
37
44
42
36
42
37
40
35
37
36
43
40
35
40
35
36
37
40
43
43
37
35
43
44
34
40
40
36
36
43
37
36
36
40
44
43
36
94
38
39
39
43
45
35
46
35
45
41
44
42
40
44
39
43
43
48
39
45
40
43
45
42
42
44
41
40
52
40
44
41
41
43
40
44
41
41
38
36
33
47
42
45
44
44
36
37
41
43
43
33
46
35
40
39
45
39
42
40
43
42
35
39
46
39
43
37
52
43
51
42
34
33
58
44
39
43
41
34
36
42
48
34
42
46
44
34
43
38
39
42
44
43
41
43
42
42
36
35
41
40
41
34
36
35
34
38
32
40
35
38
42
42
42
41
35
42
39
39
38
38
43
39
36
35
42
41
40
40
41
46
39
39
39
39
41
40
40
41
36
37
41
38
47
36
40
42
33
42
41
44
33
33
35
35
45
38
41
38
40
39
41
36
34
39
38
49
43
44
44
40
35
34
41
33
39
38
41
38
39
37
33
36
40
41
42
36
38
39
40
45
38
43
44
44
42
37
40
42
43
41
48
41
40
44
43
41
41
35
42
35
42
40
46
34
42
41
43
34
37
44
39
41
41
44
43
40
41
43
40
41
34
37
44
40
41
50
38
39
44
32
34
43
37
40
39
38
40
42
38
41
43
40
41
41
42
40
40
34
40
42
39
39
40
43
39
41
41
45
36
37
44
38
45
44
40
41
44
42
35
41
34
42
37
