40
33
35
36
32
41
34
32
33
37
37
36
33
34
35
34
35
34
43
33
33
37
38
34
34
36
40
43
39
38
34
34
35
35
35
37
35
32
36
36
33
37
36
35
36
35
35
34
35
39
34
33
34
34
36
35
36
45
36
40
34
37
41
36
33
35
33
34
34
36
36
35
46
33
35
34
35
48
33
39
39
34
35
35
32
38
34
33
35
36
35
37
34
36
33
34
35
34
34
41
35
35
38
34
36
35
35
32
36
34
39
38
36
39
32
32
34
43
34
35
43
35
33
33
35
35
33
34
40
35
36
35
34
36
34
33
35
35
33
35
34
41
35
36
33
36
47
37
34
35
36
34
34
34
35
34
37
39
32
35
41
34
34
34
37
34
38
36
36
37
37
33
33
35
36
42
35
34
34
32
35
43
33
33
35
34
36
35
34
38
34
35
38
36
34
33
39
35
34
35
44
33
37
35
45
37
36
37
41
35
35
34
30
34
35
35
35
37
34
33
38
35
35
33
34
34
34
37
42
35
35
37
34
33
35
34
36
35
34
34
34
36
35
35
34
37
36
32
34
32
35
35
33
34
35
35
37
34
33
36
34
33
37
35
38
43
40
33
34
36
35
38
34
43
37
37
35
35
32
35
35
37
35
35
46
37
36
47
35
36
34
34
36
34
35
35
34
33
37
36
32
34
35
35
33
35
35
35
36
34
35
34
51
33
34
70
33
36
36
34
35
34
33
34
33
37
34
35
34
37
35
44
40
33
35
34
35
35
35
36
33
34
34
44
33
39
36
33
40
44
43
35
33
32
34
35
37
36
35
34
37
36
32
35
37
33
34
35
33
33
37
45
37
33
37
36
35
35
36
36
34
36
41
37
32
39
36
37
35
37
34
35
35
35
44
41
33
38
36
37
33
40
36
34
33
33
33
37
34
33
35
37
35
37
35
33
35
33
35
39
35
35
36
35
35
41
36
36
38
35
37
34
34
34
36
33
37
34
34
34
35
47
34
34
33
34
32
36
37
36
34
34
33
38
32
73
36
35
36
36
34
34
36
34
34
36
34
41
37
34
117
36
36
34
40
36
35
34
40
35
37
40
36
35
52
33
40
36
34
35
35
34
36
34
34
34
37
34
40
35
38
34
34
35
35
34
34
41
34
37
35
35
35
36
37
34
49
34
33
36
34
35
32
35
37
34
32
36
34
38
34
33
35
34
35
37
34
51
35
32
35
35
34
33
35
34
34
36
34
41
35
35
35
33
38
36
35
32
33
37
44
37
35
34
34
34
36
34
43
36
32
36
35
39
34
33
34
34
34
33
34
34
34
37
35
36
51
33
34
33
34
43
43
36
40
34
36
35
35
36
33
38
33
34
37
33
33
36
33
34
46
36
36
32
34
33
34
36
36
37
36
37
35
36
42
34
35
35
33
35
35
33
35
34
35
34
40
39
36
32
39
36
37
33
33
39
34
34
36
42
36
35
39
35
33
37
34
37
34
39
37
40
34
35
33
35
44
35
36
34
36
35
34
34
35
40
42
36
39
38
33
35
35
42
33
37
36
32
34
36
37
34
35
34
37
34
34
36
37
35
69
35
36
36
34
38
32
35
36
33
46
36
36
35
33
37
32
44
34
41
38
36
33
34
39
37
42
35
41
33
36
35
35
43
36
39
33
35
39
34
84
48
36
36
32
34
35
35
38
33
37
36
35
34
34
35
36
35
33
35
34
34
35
35
32
35
37
33
40
36
32
36
41
44
39
142
38
36
35
42
36
35
37
36
39
35
40
32
33
40
34
31
37
38
34
50
36
35
35
33
35
35
45
37
31
35
33
36
35
34
38
34
33
50
33
51
34
34
35
34
36
38
31
45
40
35
34
36
36
33
34
37
33
33
35
55
35
36
37
34
36
35
32
35
35
35
35
36
37
32
38
73
42
34
33
35
43
36
36
36
34
36
34
39
34
32
33
35
34
36
42
34
33
33
34
37
34
35
36
34
36
34
38
37
43
35
36
36
32
35
34
36
36
38
35
36
35
33
35
43
36
37
33
37
33
36
33
34
35
34
35
38
37
35
35
34
37
35
36
33
32
36
34
35
36
35
38
35
33
35
34
35
37
40
35
39
34
33
36
35
33
35
33
40
34
34
36
36
33
34
34
34
34
35
34
35
35
35
35
35
43
36
36
36
38
34
39
34
34
44
34
31
35
35
37
34
101
35
34
35
42
35
35
35
34
37
33
34
34
37
34
35
35
38
58
36
34
34
33
36
