36
38
41
33
31
36
36
35
34
38
35
31
32
36
37
36
38
40
34
37
39
38
36
42
34
38
39
36
41
38
38
37
35
35
42
38
37
37
38
38
36
36
33
35
35
43
37
39
39
45
33
38
43
38
41
38
40
39
40
37
42
40
38
38
35
40
41
40
35
36
38
35
33
42
40
39
38
38
39
33
42
40
37
33
41
38
37
41
37
40
40
43
41
32
40
40
44
37
39
37
39
47
36
40
38
39
38
35
39
33
41
39
37
39
32
40
39
37
38
39
36
33
41
40
36
38
40
36
40
43
43
39
38
40
40
41
42
33
39
40
39
43
39
44
38
39
34
37
44
40
34
35
34
33
39
39
41
43
34
41
38
40
38
35
37
38
40
35
42
39
38
35
37
36
40
39
37
37
33
39
41
38
43
36
40
40
39
42
40
39
34
36
40
37
39
34
33
40
39
39
41
40
39
38
33
37
39
34
41
35
42
37
40
40
39
39
40
37
38
39
51
45
38
38
36
41
37
71
37
40
37
39
34
37
39
34
33
40
38
38
38
36
33
35
39
38
37
38
40
38
33
38
41
39
39
40
35
41
36
37
37
40
40
42
35
38
38
42
37
39
38
41
40
37
36
38
37
35
36
39
38
37
35
39
38
38
41
39
36
35
36
44
37
40
38
33
37
35
38
39
39
35
37
33
33
43
33
41
34
38
42
40
39
34
37
37
37
37
39
38
36
37
37
38
36
41
39
42
42
38
41
36
38
32
33
38
41
40
35
47
36
32
38
49
41
35
32
36
38
36
41
36
34
31
39
41
39
34
30
37
38
36
37
37
47
36
36
37
31
34
38
37
34
38
36
41
40
39
35
38
38
39
35
39
40
36
38
32
37
31
32
34
38
40
38
38
38
37
37
37
37
37
36
39
38
32
37
32
40
42
38
35
41
33
37
38
39
37
36
35
37
36
39
36
32
45
38
36
42
35
37
40
39
39
38
41
38
39
39
30
35
39
36
37
35
32
36
33
32
35
34
35
31
36
37
36
38
33
38
37
33
38
36
36
39
39
37
40
31
36
39
39
40
35
31
32
38
39
40
39
36
40
36
38
39
37
38
36
37
34
34
37
39
37
33
36
39
36
39
33
38
39
56
39
39
52
35
39
39
37
38
41
39
37
31
34
34
41
33
40
37
37
37
38
39
34
35
35
31
40
33
40
34
38
33
33
36
40
38
45
40
38
37
37
38
38
40
38
33
36
41
39
34
37
44
38
40
41
39
39
39
34
34
39
38
40
41
34
41
42
44
40
33
37
39
32
41
35
38
39
38
37
38
38
41
37
38
41
40
36
40
37
40
38
43
42
35
42
40
38
34
36
32
38
42
37
36
40
40
36
38
39
37
38
37
40
35
36
39
35
36
34
36
36
39
37
37
35
35
38
39
32
41
38
38
37
39
37
36
35
38
37
38
32
36
43
31
40
36
34
32
38
38
36
39
33
39
32
31
36
40
39
38
37
38
38
33
37
36
39
36
41
36
39
39
41
40
41
35
38
37
41
39
37
40
38
37
38
38
40
33
38
31
33
36
36
35
32
36
44
37
39
36
32
36
33
38
36
35
36
32
32
39
36
39
38
39
32
32
43
39
38
38
40
36
38
32
37
41
34
37
39
38
32
39
38
36
37
37
41
32
37
34
31
36
40
39
38
32
36
37
43
38
41
39
40
37
39
38
36
42
43
33
32
39
39
38
38
38
34
43
41
32
40
38
36
34
37
37
38
41
40
40
36
41
35
37
37
38
36
38
34
36
37
34
39
37
40
39
38
38
34
40
39
36
33
40
36
33
38
39
35
39
38
39
38
40
35
37
40
36
40
39
42
40
39
42
42
39
33
33
34
40
39
39
37
41
40
38
38
40
35
41
40
39
32
42
41
42
39
34
36
36
37
38
33
40
38
36
37
32
34
35
36
38
36
37
39
39
40
34
31
32
33
38
36
32
35
42
38
41
38
38
37
40
41
40
32
38
39
36
38
37
38
43
40
40
39
41
40
37
41
36
40
36
40
33
39
39
37
40
34
34
34
39
35
38
39
38
40
36
37
37
32
38
37
42
35
41
40
36
39
37
38
34
39
38
40
40
43
40
36
37
53
46
32
33
40
39
40
38
40
32
40
38
33
36
40
37
37
41
43
46
40
41
33
38
38
37
42
38
39
36
38
38
37
38
39
33
39
37
34
39
34
40
46
33
32
37
35
38
42
40
37
34
37
41
38
39
40
