37
37
36
35
35
36
37
37
35
35
38
31
34
34
35
36
37
42
40
46
33
35
32
37
40
34
42
33
37
38
37
36
33
37
37
33
36
32
37
32
37
111
65
40
41
39
34
38
39
36
40
34
40
34
34
34
37
38
32
39
41
38
39
36
42
33
40
38
37
37
37
38
38
40
39
36
35
38
34
36
41
33
41
36
38
33
35
37
35
33
35
36
33
37
36
31
34
31
36
35
36
34
36
32
38
36
37
36
41
37
39
37
37
38
34
39
41
36
37
37
40
37
41
48
40
33
35
37
39
38
39
37
38
38
36
38
42
34
42
37
39
33
35
38
38
35
36
39
43
39
40
44
41
40
39
39
40
42
38
40
41
37
34
35
38
39
33
38
39
34
40
40
38
39
39
32
37
36
35
36
38
34
37
31
36
39
35
31
40
36
38
39
41
45
37
36
34
37
34
39
37
38
38
37
40
39
35
37
37
34
37
40
37
39
38
33
35
41
44
39
42
37
39
34
45
37
37
70
34
39
40
48
41
35
33
37
31
34
36
32
35
36
33
35
34
36
38
35
35
32
38
31
44
41
33
35
42
41
32
39
46
35
38
33
34
35
37
41
32
31
31
32
39
31
41
36
36
35
38
37
38
38
39
35
36
39
37
32
40
39
33
36
38
40
40
37
37
35
43
40
39
33
40
38
34
40
38
41
38
40
40
34
35
35
42
36
44
33
39
37
34
38
33
39
35
34
37
35
33
40
52
39
35
34
31
35
34
37
39
39
41
39
38
39
35
45
38
33
38
36
39
33
38
39
37
38
41
39
38
42
36
40
35
32
38
41
39
37
42
37
33
44
37
38
35
35
39
36
36
39
31
35
38
39
37
40
39
41
38
36
36
34
39
38
39
40
32
37
35
40
32
40
35
40
35
37
36
34
36
37
41
40
41
40
35
41
35
39
41
34
34
36
51
33
35
31
33
37
30
41
38
35
35
36
38
33
37
34
37
37
38
39
38
33
44
40
34
39
44
40
37
41
40
38
39
38
36
40
39
32
41
37
38
43
43
41
38
37
40
37
39
41
38
33
43
37
35
35
39
36
37
33
36
33
34
35
39
34
35
36
36
34
34
35
34
35
41
38
36
37
32
38
39
39
38
40
38
32
39
39
39
38
38
32
38
38
35
37
40
38
35
34
33
31
37
35
34
40
35
37
37
34
34
35
34
36
34
35
37
41
35
36
38
36
33
34
38
34
36
35
35
31
39
37
39
31
39
36
38
36
35
39
36
40
37
39
38
40
38
37
41
33
39
39
38
37
35
35
43
32
37
37
35
38
34
43
36
35
34
37
39
59
39
38
44
33
39
36
38
39
36
38
40
35
39
42
39
38
43
38
42
39
39
37
34
38
38
37
33
35
38
38
33
38
42
33
34
40
39
39
37
34
35
38
34
36
37
34
35
34
34
37
35
34
36
35
39
36
36
36
34
37
38
39
38
38
38
33
37
33
41
37
39
37
39
40
40
41
37
34
41
38
37
38
43
43
40
45
34
33
37
37
39
40
42
35
36
41
35
35
33
38
40
47
41
36
38
36
41
37
38
37
38
38
42
39
38
47
36
41
39
34
37
34
40
38
37
33
33
32
43
32
41
39
40
41
40
38
39
40
41
37
40
42
40
43
33
37
35
35
39
36
37
39
37
34
42
37
39
39
31
37
32
38
39
38
37
40
34
38
38
32
39
37
36
38
39
32
34
35
41
38
40
38
37
41
40
40
38
35
36
34
33
37
38
51
35
34
37
34
36
34
34
39
37
33
36
36
37
34
40
40
34
38
32
41
32
39
40
38
37
32
34
39
39
39
38
39
35
33
40
33
33
38
38
36
35
33
42
36
34
36
40
33
31
37
36
34
37
32
36
34
37
71
41
38
40
38
31
35
39
31
38
36
39
35
39
36
37
40
32
42
37
38
38
33
39
38
37
34
55
35
39
36
41
35
31
35
33
37
34
34
34
36
37
32
38
39
42
35
35
35
31
35
36
33
34
34
35
39
36
34
37
30
33
31
39
37
48
31
34
36
39
37
40
44
38
35
32
38
39
32
36
36
43
36
34
31
32
38
38
40
39
40
31
38
33
38
33
39
47
38
31
37
39
35
36
38
37
43
39
40
36
34
34
38
36
50
40
36
40
37
33
38
36
36
47
37
38
37
37
38
38
38
38
37
35
37
39
39
36
36
37
38
39
36
33
38
32
32
38
30
36
35
38
35
34
30
36
34
