35
38
36
34
38
37
35
37
36
36
37
35
35
34
35
36
54
36
37
34
37
37
35
39
38
33
35
37
34
38
35
72
35
38
35
33
34
34
38
36
43
40
35
37
37
38
34
37
38
43
38
40
46
34
34
36
36
37
37
39
34
35
36
36
61
37
38
34
38
39
37
36
38
45
33
32
38
36
38
36
42
37
43
37
33
37
38
39
35
41
39
36
37
39
41
44
38
41
39
46
42
38
39
40
39
41
39
36
43
33
38
40
40
34
36
38
32
38
42
32
34
39
36
37
36
35
38
38
33
40
35
36
35
37
36
37
42
47
42
37
36
37
38
38
40
37
38
38
36
33
42
35
39
40
37
38
37
42
42
36
36
36
39
36
48
46
37
34
39
38
37
36
35
39
40
42
36
40
38
37
39
36
37
33
35
33
35
39
42
40
39
37
36
37
33
45
42
35
40
35
33
33
40
33
37
37
39
39
37
41
36
40
39
37
57
35
41
38
38
34
45
31
39
40
32
38
40
71
36
36
42
35
37
37
39
33
37
35
35
38
37
37
38
36
32
36
37
35
35
35
34
36
36
34
34
44
38
31
38
36
36
37
36
36
37
37
31
33
35
41
36
39
37
33
38
36
42
36
39
39
36
32
39
37
40
38
37
40
40
39
40
36
36
32
37
38
30
33
32
39
35
38
40
40
38
38
37
31
38
32
39
38
40
36
36
36
36
32
36
33
33
35
36
35
34
37
34
33
34
40
44
37
38
33
36
37
39
35
34
36
46
37
38
35
34
37
39
38
36
31
40
36
35
37
40
120
103
40
35
38
35
38
35
35
38
34
33
37
37
37
38
31
35
42
32
32
35
32
35
35
35
37
38
38
35
37
39
39
36
38
38
36
38
36
30
39
33
35
37
41
32
37
39
39
37
40
33
40
37
38
34
32
46
51
35
44
38
35
34
41
35
37
42
38
35
33
38
39
40
38
37
39
38
34
36
38
36
37
35
33
37
35
36
37
34
36
35
36
36
42
32
34
33
38
40
41
38
35
35
35
35
37
38
38
37
55
38
38
33
40
39
52
40
39
37
39
32
41
40
39
42
35
37
38
39
40
42
39
38
41
40
39
39
40
39
40
39
39
37
40
36
39
36
39
38
36
40
39
39
35
33
32
41
31
34
37
35
37
38
36
38
38
46
39
41
40
36
35
37
33
34
40
34
37
35
35
34
37
36
33
34
36
38
36
37
36
37
37
36
33
37
39
37
33
39
39
34
35
38
36
40
40
34
32
38
36
34
35
34
37
34
34
40
39
35
41
40
41
47
38
36
38
30
34
39
36
39
39
41
38
38
43
39
37
40
38
33
36
40
37
38
37
40
41
34
39
32
34
39
33
35
43
39
36
39
36
37
38
31
32
35
37
34
42
35
34
34
32
35
35
40
36
32
36
37
36
35
39
32
39
39
33
72
38
38
40
40
36
34
37
36
37
34
39
38
35
33
36
38
39
35
34
39
38
36
35
33
32
32
47
32
35
35
40
34
42
39
41
40
33
42
32
37
38
40
38
38
38
34
40
31
38
39
36
41
52
32
39
40
39
38
32
39
37
42
31
41
36
39
35
34
34
41
34
33
40
44
39
34
33
35
37
37
34
32
36
41
33
40
35
37
41
40
32
34
39
41
36
37
44
38
37
38
39
37
38
37
35
41
40
41
40
39
37
37
34
38
40
41
38
35
35
38
38
37
35
35
35
34
38
38
32
38
38
39
53
39
39
38
42
32
38
33
41
41
37
38
39
33
31
40
39
39
35
32
38
34
35
38
36
39
38
39
33
40
35
43
33
39
39
36
38
42
42
33
40
45
35
35
35
37
36
34
37
36
36
34
37
37
35
34
34
35
41
34
40
37
38
33
34
32
37
38
33
31
38
36
40
41
35
34
36
38
37
33
37
35
36
37
36
34
50
31
30
33
31
37
33
34
40
40
37
38
37
35
42
37
36
37
31
37
33
31
41
36
32
38
38
36
36
40
37
39
37
36
37
43
33
41
39
40
43
39
39
40
38
34
39
35
37
39
35
35
39
36
41
35
40
39
39
40
39
38
40
40
40
39
35
38
39
40
37
35
41
42
43
38
40
37
33
39
39
37
47
36
40
36
39
38
33
38
36
38
41
40
57
44
33
33
42
35
40
32
40
40
38
40
33
40
38
32
37
39
38
40
41
37
40
36
44
37
41
37
39
39
37
41
38
34
37
33
38
41
39
36
37
37
39
36
41
