34
40
35
35
35
37
37
35
36
34
34
34
36
33
43
48
43
34
34
38
34
37
36
34
36
36
34
51
37
36
33
34
34
34
33
40
36
34
35
35
39
37
35
36
33
37
36
34
34
39
35
48
36
35
32
35
33
35
33
36
37
36
35
37
36
34
39
35
34
32
35
36
37
36
38
37
35
36
33
34
42
34
35
36
36
36
34
35
36
34
37
37
34
37
35
35
36
37
36
32
33
34
37
37
35
38
41
37
37
34
40
35
34
37
42
34
34
33
33
37
32
36
34
36
35
33
37
33
33
33
34
34
36
34
34
33
35
35
35
35
38
34
41
35
42
34
38
38
36
36
35
42
37
44
43
37
80
40
37
43
36
35
56
62
37
49
41
52
74
41
45
97
40
49
39
84
44
57
38
93
34
35
43
54
43
43
66
45
62
74
37
49
47
109
38
69
95
109
41
57
61
68
54
62
56
41
59
36
35
37
34
40
36
34
38
44
39
37
35
35
45
33
33
48
39
31
45
53
62
34
37
45
36
38
34
42
42
35
41
34
36
37
36
39
36
38
38
33
42
34
50
36
34
37
35
35
36
36
35
36
37
58
32
41
45
35
35
37
60
33
37
36
34
37
37
46
36
36
36
46
38
33
33
43
57
37
35
38
35
36
36
35
35
35
34
39
35
41
32
34
35
49
34
34
45
37
38
82
42
60
50
37
39
34
35
56
50
41
38
72
61
37
37
56
41
48
35
56
38
39
38
36
38
41
71
41
71
56
72
60
39
38
49
53
37
50
37
35
46
53
38
39
35
34
64
43
64
38
44
50
52
39
37
41
42
33
47
36
36
39
35
39
32
37
36
36
35
33
34
33
35
34
36
36
33
36
34
49
35
37
33
37
35
35
35
35
36
33
34
37
35
36
36
39
42
41
33
38
40
34
36
34
38
35
35
35
34
35
34
35
41
35
36
33
35
33
33
38
35
34
33
34
35
34
50
34
36
36
35
35
35
49
36
33
37
36
34
34
34
35
37
35
35
34
42
64
35
36
39
32
35
33
61
36
34
39
36
34
41
36
35
33
33
34
35
36
36
37
37
34
34
37
34
34
34
37
33
34
34
34
35
34
33
34
36
37
36
33
35
33
35
42
36
34
34
33
33
34
35
34
35
34
35
33
35
37
34
35
34
36
36
34
37
34
35
38
35
32
36
32
35
34
32
36
33
32
34
34
34
36
33
33
40
36
36
36
37
36
37
34
34
34
35
34
34
38
38
36
33
34
37
38
35
32
33
36
34
34
34
35
34
34
33
36
34
35
36
36
32
43
34
34
85
36
39
34
35
35
33
35
36
37
35
37
37
36
36
34
36
35
38
37
32
35
38
36
35
37
40
34
35
37
34
36
33
40
34
36
32
33
31
34
35
36
36
35
34
35
37
46
34
37
35
38
37
36
34
32
32
33
36
34
44
36
36
34
33
34
33
33
33
40
35
33
32
33
33
37
35
40
113
34
35
32
37
38
36
34
35
40
40
44
44
38
42
36
46
47
39
42
34
39
33
34
34
35
35
33
34
34
35
36
33
37
36
37
36
37
34
34
33
49
42
34
34
34
35
48
42
40
39
42
35
35
33
37
36
33
34
35
35
33
32
34
38
39
37
45
34
37
42
35
35
40
35
35
40
35
34
36
32
34
42
36
35
35
36
32
34
36
37
35
38
37
37
38
36
38
37
37
36
33
36
35
35
34
38
34
37
35
37
33
33
31
38
38
44
34
36
37
35
36
35
36
34
34
37
34
44
43
35
37
34
33
39
40
34
34
37
33
36
34
39
35
40
34
35
36
37
34
37
43
38
34
46
36
35
35
33
36
42
37
34
33
36
37
38
35
34
43
36
34
33
35
34
35
35
42
34
36
35
37
36
34
35
33
39
70
35
34
36
38
36
33
34
39
60
34
37
37
37
36
35
34
35
42
36
36
34
45
34
41
33
44
35
35
39
35
37
34
34
34
43
36
35
35
39
35
38
45
36
35
41
32
36
34
33
35
36
45
36
35
34
36
34
33
46
34
36
36
33
36
37
32
43
38
36
32
33
40
37
34
35
36
35
37
39
33
40
34
34
35
34
34
41
33
36
36
32
35
39
39
34
33
34
35
37
43
36
33
34
34
37
36
34
38
34
35
34
34
36
34
35
34
35
33
33
34
35
33
40
35
36
35
35
34
37
35
37
46
42
38
34
37
34
34
37
36
32
37
34
34
39
38
66
46
42
45
42
36
