37
35
40
34
34
37
36
38
35
34
34
36
34
39
34
36
37
36
34
35
34
35
35
36
33
34
35
34
31
35
33
33
35
40
34
37
34
35
35
40
40
37
33
41
35
34
36
34
44
34
37
35
37
34
40
32
34
35
43
36
34
39
44
36
36
38
48
34
39
41
41
38
34
35
41
35
34
34
34
38
37
35
36
34
34
34
39
32
43
33
36
35
36
34
35
34
35
36
34
36
34
34
33
35
37
38
40
36
33
36
35
43
33
34
34
38
34
34
32
48
34
34
34
33
36
35
34
35
36
33
34
34
37
34
34
33
34
33
41
40
34
34
35
36
35
33
34
35
33
36
37
34
35
34
33
45
37
35
38
35
34
33
32
33
36
37
37
35
35
34
34
35
38
35
42
46
37
35
37
36
32
47
36
37
34
34
35
33
36
36
33
34
36
35
39
40
34
34
33
49
33
42
36
35
36
48
37
35
37
50
40
38
31
31
34
33
39
34
39
38
35
36
34
47
34
39
35
33
34
35
37
34
34
35
35
34
45
35
35
32
42
34
34
35
34
34
34
34
35
32
36
34
36
33
35
35
33
34
33
38
33
35
37
37
34
34
36
33
33
33
35
44
34
35
35
33
37
33
35
33
35
36
36
35
35
57
31
48
34
32
37
35
32
37
34
42
36
34
33
34
44
41
48
37
44
35
33
40
38
38
36
34
35
37
45
37
37
36
32
35
55
34
35
35
33
36
36
35
34
40
35
33
34
46
36
35
33
37
37
35
35
36
33
40
41
33
36
38
35
34
35
38
34
35
33
34
34
32
34
40
36
33
40
35
56
33
32
39
35
35
33
39
35
33
35
32
33
39
35
35
34
36
36
40
34
35
34
37
33
49
40
33
34
36
39
32
41
33
36
33
32
34
36
35
39
35
37
33
35
34
33
37
36
38
35
33
35
34
37
37
41
32
38
33
38
37
34
34
43
36
43
43
41
34
35
44
34
34
34
32
34
42
36
37
33
34
37
34
34
33
44
36
35
34
36
35
37
35
35
34
36
37
33
33
35
33
39
35
33
35
33
35
33
34
37
36
71
44
32
46
38
35
38
37
37
48
42
33
35
35
34
34
34
33
35
35
36
33
33
36
37
41
32
40
35
34
37
38
46
38
35
35
35
33
32
42
41
42
44
33
36
34
38
38
33
35
32
33
33
37
49
34
47
31
38
34
36
34
34
44
34
34
33
37
42
35
33
35
41
33
33
33
32
35
33
35
34
38
34
35
39
40
36
36
34
42
40
34
35
43
34
52
36
35
41
34
35
32
34
41
31
32
34
48
37
35
33
33
36
33
34
36
39
38
34
35
36
33
33
34
34
36
34
34
33
40
38
35
36
41
36
32
38
33
35
35
39
33
33
34
33
44
36
31
34
54
38
37
36
89
38
36
50
32
31
39
36
35
38
42
34
33
52
34
44
39
38
42
35
42
33
34
34
34
34
34
33
38
38
32
34
39
43
34
34
38
36
31
39
33
108
35
37
43
36
33
42
33
33
38
50
41
36
41
34
34
40
35
33
36
33
35
32
36
40
39
35
34
36
35
34
33
42
34
35
32
36
35
36
35
37
34
35
34
35
35
34
35
35
36
31
33
41
34
33
35
35
33
35
35
36
30
35
34
35
36
36
33
33
35
35
37
40
34
33
57
42
35
35
32
34
35
33
35
35
32
32
33
34
36
34
35
35
34
32
33
38
34
34
32
34
35
35
34
49
35
35
35
34
35
35
39
34
38
34
34
34
34
33
35
34
36
34
34
33
34
42
33
37
33
38
35
35
33
39
42
34
33
34
33
35
35
36
33
35
37
36
32
36
32
34
38
41
35
36
34
33
35
35
37
39
34
34
34
36
37
33
34
35
36
34
35
32
34
41
36
34
34
36
35
34
33
34
35
33
34
33
35
38
35
34
35
37
34
37
34
36
33
32
34
36
33
32
40
43
32
34
34
31
34
37
33
35
37
35
34
34
34
35
36
32
35
37
35
36
44
37
31
36
38
34
32
33
34
36
34
35
35
34
33
33
34
32
35
41
34
33
34
33
42
34
35
40
34
37
35
34
37
45
35
32
35
35
48
35
36
34
34
36
46
33
32
35
38
35
36
45
39
33
35
33
37
39
32
34
37
33
41
37
34
39
35
34
34
34
32
33
35
34
34
35
33
32
35
34
33
36
34
32
53
34
34
37
35
35
33
37
35
36
33
43
32
33
33
35
38
33
34
32
36
