35
32
35
33
33
35
35
41
33
36
35
36
35
35
38
33
36
41
35
37
32
39
34
35
35
36
35
35
35
35
36
41
36
37
34
35
33
35
35
35
33
33
35
34
34
38
35
36
37
44
36
34
36
35
35
37
168
35
35
35
37
31
35
38
35
33
37
49
35
36
41
34
35
34
36
35
34
39
39
34
33
33
33
34
35
34
35
36
36
34
34
36
35
34
34
34
36
35
35
34
36
37
37
33
36
36
35
34
33
32
34
35
35
36
34
35
36
35
33
38
41
35
36
39
37
32
36
36
34
35
41
35
37
38
36
36
34
34
40
34
36
32
44
37
35
37
35
38
35
36
65
37
39
38
34
34
34
35
37
34
35
37
37
33
36
37
35
38
34
42
35
33
36
66
35
37
35
41
33
37
37
35
36
35
37
35
36
35
41
36
36
34
34
43
34
35
35
37
33
36
37
34
33
37
37
36
36
33
38
33
34
34
34
35
35
34
34
39
35
34
38
34
34
34
36
34
33
34
35
33
35
37
48
37
36
36
35
43
38
41
34
34
33
36
33
48
32
34
34
34
33
36
33
42
34
33
36
35
36
37
37
37
40
35
36
35
34
34
36
35
34
35
35
38
34
32
33
43
36
35
43
36
35
33
40
36
37
39
36
37
35
34
37
35
36
34
35
35
35
53
34
35
38
34
46
35
36
38
36
36
52
34
42
35
35
40
36
34
36
36
42
36
35
35
37
36
35
36
34
38
34
35
34
38
34
36
36
42
33
33
33
33
36
37
32
36
36
32
43
37
37
40
38
33
35
34
34
37
31
37
34
35
34
35
39
33
41
34
36
33
34
35
38
34
33
35
36
35
36
33
36
37
34
42
35
39
38
34
33
32
35
35
33
36
34
32
35
33
33
37
33
34
35
37
78
34
35
34
35
35
37
32
33
38
39
35
35
35
36
39
34
36
34
33
34
36
44
39
37
35
34
35
34
41
35
32
34
36
36
48
37
44
36
35
34
35
34
33
40
33
48
36
34
36
35
66
35
44
34
37
35
34
35
44
35
36
35
36
36
36
34
41
35
31
33
35
35
36
31
34
214
37
37
36
40
34
35
34
34
35
34
44
36
42
40
36
34
37
34
34
32
38
32
33
44
35
34
34
35
33
38
31
36
32
34
33
33
33
44
35
34
38
33
33
35
35
39
35
48
37
37
37
36
35
43
35
37
39
36
37
36
36
33
34
35
33
34
33
41
33
34
40
38
36
34
33
34
35
38
33
32
33
33
34
35
35
36
36
32
35
49
49
31
35
32
37
34
36
37
35
42
33
33
37
33
35
32
37
34
38
35
41
37
34
35
35
34
33
36
33
34
36
33
38
35
36
36
34
35
44
33
34
33
33
35
35
34
34
34
35
39
38
40
37
34
36
36
37
43
35
36
33
34
37
37
41
34
38
35
37
34
37
34
35
34
35
33
34
41
40
36
35
37
36
34
39
38
33
38
34
34
33
36
35
41
34
34
38
35
33
35
37
34
46
35
34
35
35
33
33
36
35
35
35
36
36
33
36
35
35
34
36
33
33
35
35
35
35
35
36
36
34
32
37
35
37
35
38
38
36
35
34
37
38
34
34
35
41
35
35
32
36
36
35
32
34
42
34
33
35
36
35
32
35
43
34
39
35
33
36
34
38
34
35
41
33
91
41
34
34
34
35
34
34
35
33
35
36
43
32
33
35
34
33
35
37
35
34
35
37
36
41
34
34
33
37
36
35
44
35
34
36
34
33
34
43
41
35
36
37
35
36
33
38
36
34
40
35
35
33
37
40
32
36
35
39
37
38
34
33
34
34
35
35
40
34
35
36
34
33
35
33
33
34
43
35
33
38
33
35
35
34
35
35
36
39
33
36
35
36
40
34
35
35
35
36
39
35
34
35
33
41
35
44
36
40
36
42
33
36
36
33
35
35
35
35
36
35
35
36
36
36
34
35
37
31
35
33
35
35
36
33
36
36
42
36
34
45
35
36
34
35
38
33
36
34
34
35
34
33
33
34
36
35
37
35
34
34
33
34
45
38
34
33
33
34
34
36
34
41
36
34
35
34
36
33
33
33
34
33
33
33
36
33
34
40
33
33
36
35
36
34
35
38
33
34
38
32
34
51
46
34
35
33
37
41
37
37
39
36
36
35
33
34
36
37
34
37
34
32
33
33
34
38
34
36
35
36
40
35
33
37
33
34
40
36
34
35
33
37
32
35
34
35
42
34
36
35
41
35
