41
41
42
45
43
50
43
39
37
38
42
34
39
39
40
43
40
45
40
44
43
41
41
43
43
41
42
42
33
41
50
45
42
38
36
36
40
35
45
45
42
40
39
41
38
47
41
41
41
40
44
38
40
44
40
40
41
37
41
41
42
42
39
43
36
45
35
54
37
43
42
41
41
37
41
43
44
44
40
37
46
34
37
45
43
41
39
43
35
44
41
34
35
36
44
43
43
40
35
41
45
44
40
71
34
41
36
42
46
40
47
41
40
42
36
45
40
39
40
39
40
36
43
40
41
41
35
40
40
58
36
45
40
46
45
40
37
36
35
35
37
69
43
40
39
41
41
38
40
37
42
41
38
37
39
42
37
40
34
41
38
41
45
42
36
40
41
38
41
40
40
42
38
38
44
41
34
39
47
66
35
45
40
38
42
43
40
42
41
41
42
41
41
37
41
33
39
33
41
43
43
36
35
46
42
41
41
43
37
42
40
34
43
45
43
42
31
41
38
40
57
42
38
42
43
35
37
77
38
40
60
43
40
42
41
46
41
44
36
38
41
43
41
47
41
42
45
41
39
40
42
36
39
43
39
42
43
39
54
39
41
41
42
40
41
43
44
42
38
39
42
34
35
42
40
39
41
42
41
39
43
46
41
36
34
43
41
38
36
41
40
40
39
40
42
37
39
40
41
41
35
41
38
37
40
39
34
42
39
42
38
40
37
41
43
44
42
48
39
38
41
40
41
41
41
42
42
41
37
43
41
59
43
42
35
41
41
44
43
40
34
39
39
50
43
35
41
39
43
43
41
41
42
37
43
41
38
34
36
39
42
44
39
39
34
41
42
39
38
34
42
43
45
36
39
34
41
39
41
35
41
44
39
44
39
34
36
40
38
41
44
41
37
43
35
40
40
42
38
40
42
41
34
42
42
38
41
38
42
42
41
37
41
43
37
37
40
41
44
41
42
40
42
36
41
40
38
41
35
43
42
40
42
39
43
43
38
36
38
36
37
37
36
39
41
45
38
41
63
46
41
40
34
38
39
40
36
36
36
51
36
33
46
34
42
41
40
37
42
39
35
37
40
46
41
39
36
40
39
40
38
40
38
37
38
44
42
37
43
38
40
42
44
42
38
42
41
44
47
39
39
41
41
44
39
37
36
38
37
33
50
40
46
38
38
41
37
48
34
36
37
38
37
36
44
45
37
55
38
34
40
42
46
42
41
40
40
43
43
42
42
45
44
36
43
39
42
39
42
38
41
39
38
44
59
35
44
58
43
32
36
40
34
39
41
36
33
40
41
36
41
38
36
40
42
35
38
41
40
38
42
36
39
35
36
43
37
42
42
41
39
42
34
42
41
39
71
33
47
38
33
42
38
33
41
43
41
41
40
42
35
41
40
45
36
42
41
40
50
34
40
43
39
38
35
41
36
42
36
40
40
40
42
37
37
40
40
36
36
41
34
41
44
39
43
48
38
42
41
41
39
41
41
31
37
38
40
41
41
38
43
42
40
38
40
41
33
44
39
40
50
37
38
40
41
42
36
40
36
40
40
40
42
44
42
44
41
40
42
35
40
37
42
40
40
42
36
37
40
33
36
35
40
38
43
41
38
41
40
54
36
38
42
38
37
41
40
33
39
41
39
37
41
42
41
38
44
41
42
42
34
35
41
42
35
45
44
42
40
35
43
38
34
49
40
41
40
41
38
41
36
43
37
42
40
44
37
43
39
36
47
45
38
39
42
40
42
35
41
39
34
40
35
42
44
40
36
74
43
44
42
36
37
34
39
35
40
44
35
35
43
40
34
38
42
37
47
40
49
53
45
35
34
45
47
40
42
43
40
37
41
39
44
38
41
42
46
35
42
42
40
36
43
36
35
40
38
37
40
41
42
39
41
44
37
38
39
40
47
32
34
41
41
39
43
34
41
44
42
39
36
48
40
38
40
37
36
41
34
44
39
42
36
38
35
39
42
37
40
43
41
38
33
37
39
41
43
33
39
44
45
39
36
36
39
39
40
42
44
41
36
35
42
41
40
42
39
40
43
36
60
35
44
40
44
36
37
50
38
42
41
46
35
38
46
42
41
41
45
42
39
46
40
40
44
40
41
43
45
41
42
36
43
42
33
40
39
38
42
40
41
44
39
40
39
40
42
35
42
42
43
41
45
40
39
41
36
40
38
39
38
41
57
44
35
44
35
39
45
34
40
38
37
45
33
76
37
38
30
34
43
38
49
48
43
42
58
39
39
38
37
43
41
39
35
42
42
34
41
43
