38
35
33
34
35
33
33
32
36
32
33
33
32
35
33
34
33
33
35
32
34
35
32
34
30
33
33
34
37
31
38
31
32
36
32
33
34
32
33
32
33
31
33
33
32
32
31
34
32
36
32
32
32
30
32
35
34
37
33
33
34
32
33
40
35
33
31
32
31
35
33
33
31
34
32
35
32
35
33
33
33
33
32
34
34
42
32
33
33
32
31
34
30
37
33
31
33
31
31
32
36
33
32
32
33
33
34
32
39
36
35
33
32
32
32
32
32
31
34
33
32
31
32
31
32
33
35
34
34
32
41
31
31
40
42
35
31
32
32
33
32
32
33
32
32
33
30
35
35
32
30
30
55
32
31
32
31
43
32
33
39
38
43
31
38
34
46
34
36
48
34
33
32
33
32
35
42
31
32
35
40
33
33
32
34
33
36
37
34
36
35
31
30
32
34
35
32
31
32
32
33
32
33
42
33
34
33
32
30
33
34
32
37
36
32
34
33
32
31
31
31
30
33
31
30
31
33
34
33
31
38
34
32
35
31
32
32
34
33
34
35
33
34
30
37
34
33
33
44
31
31
36
34
34
31
32
35
35
33
34
33
32
31
36
34
32
32
34
32
38
34
33
32
32
33
31
33
31
35
33
31
31
32
34
34
32
37
41
34
32
30
159
56
32
33
31
34
34
30
33
33
33
39
32
31
32
34
35
32
33
33
40
33
40
32
41
38
35
34
33
34
32
33
37
31
32
32
31
36
32
31
29
31
33
35
31
31
31
31
34
30
31
30
36
34
35
33
30
32
33
31
31
33
42
31
32
32
34
32
34
31
32
32
39
31
30
33
32
32
31
34
39
40
33
31
34
31
30
31
34
31
36
31
32
30
35
32
38
30
33
31
38
30
33
38
33
33
34
37
35
32
33
31
30
33
31
39
29
32
35
32
32
32
33
31
33
30
31
32
31
37
31
31
34
31
34
36
34
33
32
33
40
32
33
34
35
31
33
34
31
33
46
33
30
33
32
40
33
33
32
32
34
38
33
36
87
31
33
32
37
32
32
30
32
31
31
33
33
31
33
31
31
33
30
31
42
33
35
31
30
33
32
32
35
34
33
32
33
31
31
32
32
32
31
29
33
33
33
31
34
31
31
31
33
32
32
31
29
35
38
32
33
32
30
33
34
32
32
42
32
34
38
32
31
33
34
33
34
33
33
44
36
34
33
37
33
31
34
33
32
33
30
33
31
33
32
31
33
34
31
30
35
31
32
30
32
30
30
32
32
34
34
35
36
34
33
39
31
33
31
32
32
33
30
32
33
31
32
32
31
45
30
32
33
32
31
31
32
41
30
33
36
35
35
32
29
32
33
33
33
34
31
31
33
32
31
33
31
29
32
33
31
30
34
33
30
32
31
32
34
33
36
33
32
34
34
33
36
34
31
31
33
31
34
32
34
36
32
31
39
31
31
33
31
35
33
32
33
31
44
45
36
37
42
42
32
33
32
32
32
32
32
33
32
32
31
32
34
30
30
40
34
32
33
35
32
32
31
33
33
33
31
32
33
30
32
30
30
32
33
32
32
32
31
31
30
46
31
29
39
35
31
34
33
31
33
29
31
31
31
32
31
37
31
30
32
33
32
33
33
35
33
32
32
31
32
41
35
32
34
31
32
37
32
33
31
35
34
31
34
36
32
33
34
32
31
33
33
30
33
31
37
36
35
37
33
33
39
32
49
34
33
32
32
33
33
33
33
32
32
31
32
35
34
32
34
35
33
36
31
34
32
32
32
32
31
32
31
35
36
50
31
31
32
31
31
30
30
32
32
33
32
35
36
36
44
34
34
32
33
32
31
34
35
32
34
34
33
32
32
33
35
50
38
38
34
30
32
34
34
34
35
37
33
31
35
38
33
33
31
36
33
36
32
34
33
34
32
32
33
32
34
33
35
33
38
36
34
32
31
36
42
32
31
32
32
40
34
33
32
33
34
31
33
32
32
31
32
31
36
32
43
31
34
32
34
35
33
31
32
35
33
32
32
34
33
33
35
32
32
32
33
35
32
32
47
32
32
33
32
37
35
39
31
33
32
31
38
33
33
30
31
30
29
33
31
38
32
33
33
31
31
32
31
29
32
32
37
36
33
33
35
34
32
30
31
32
31
33
33
33
31
33
35
32
32
34
31
35
33
33
30
34
35
34
33
35
35
35
34
32
32
32
31
32
33
39
33
32
31
32
33
32
34
33
32
32
33
37
37
39
40
33
35
32
32
29
30
31
31
