38
37
33
33
37
31
32
34
42
43
34
34
33
32
36
31
38
31
32
32
33
33
33
39
36
34
37
33
38
37
34
31
32
33
32
35
32
34
33
31
32
32
33
34
32
35
34
33
33
32
30
31
33
32
34
33
36
38
33
37
34
33
35
31
30
31
38
41
36
31
36
32
31
34
36
33
32
31
33
32
29
32
34
33
31
33
34
32
34
33
32
33
33
44
30
32
31
34
32
34
33
31
32
34
35
34
33
34
37
36
41
35
39
31
43
34
38
31
35
32
37
38
39
39
38
35
31
36
35
35
38
43
32
35
36
32
39
40
42
48
38
37
39
31
33
51
44
31
30
35
34
33
37
32
31
33
33
30
31
32
30
31
33
30
31
29
31
32
31
43
31
29
33
32
32
31
32
36
32
31
31
30
29
32
32
32
31
32
32
31
32
33
38
32
31
35
36
31
31
32
33
30
32
32
31
30
32
32
35
31
31
30
32
32
33
29
32
29
33
32
31
34
31
34
32
41
31
30
33
33
36
30
32
32
32
29
30
47
33
33
46
31
30
31
32
37
33
33
32
30
35
32
30
33
31
32
32
34
32
29
33
32
32
31
32
32
31
32
32
29
33
33
38
33
31
31
34
32
32
32
31
36
42
37
35
31
32
30
35
32
34
40
32
32
31
30
32
30
47
31
31
31
32
36
32
32
31
32
30
30
32
32
33
34
33
30
33
30
31
32
31
31
31
31
34
32
32
43
34
31
39
31
30
31
34
29
30
30
30
35
34
34
36
35
34
32
29
49
33
31
32
32
30
38
33
38
34
31
32
33
31
27
31
30
34
35
32
35
39
37
33
52
32
39
32
32
32
35
36
34
25
33
33
35
39
32
40
37
36
34
35
40
36
33
38
27
37
51
44
41
30
34
45
38
35
42
43
34
38
45
38
32
33
35
42
37
40
48
33
43
37
36
36
36
36
35
42
37
40
36
41
41
35
37
34
46
38
35
29
26
37
39
38
34
36
35
37
36
40
37
34
39
36
33
34
39
37
32
38
36
40
36
31
33
31
31
47
38
37
35
35
35
31
33
37
38
34
31
32
31
32
30
33
39
32
31
34
35
33
32
32
32
33
34
35
33
34
32
34
32
36
34
38
38
40
37
31
35
37
33
32
33
35
32
34
33
37
35
33
36
32
34
33
32
34
34
34
33
40
46
36
35
32
40
34
35
32
32
33
35
36
32
33
33
38
37
36
36
35
32
34
34
38
35
32
32
33
33
38
32
31
32
34
30
29
32
33
31
39
44
33
34
31
33
34
36
37
33
35
40
30
32
26
31
32
34
32
33
32
31
30
33
30
33
31
41
56
40
31
30
33
37
33
30
33
39
39
32
36
37
39
33
31
37
36
31
38
33
38
44
29
31
34
33
37
31
36
32
35
33
34
34
32
33
33
30
30
32
34
34
32
37
31
32
31
33
33
32
32
33
31
33
32
31
31
32
33
33
31
30
32
33
38
33
35
31
32
31
34
33
33
38
31
27
34
37
31
35
31
32
39
34
32
32
33
31
31
32
32
32
29
31
32
33
32
32
34
30
33
30
30
34
36
33
33
32
31
31
32
34
33
36
39
33
34
31
30
36
33
36
35
37
52
30
34
32
40
35
39
34
34
40
43
32
31
32
31
31
47
32
31
31
44
32
32
33
31
32
32
32
30
32
31
37
34
32
33
29
31
36
32
34
35
39
35
36
36
36
38
30
32
33
30
35
36
43
34
37
36
40
32
31
31
30
30
31
31
42
32
31
33
32
37
32
31
31
31
33
38
35
34
33
36
34
35
40
48
36
34
35
31
31
28
36
35
31
41
35
36
31
40
36
45
37
34
45
43
36
38
39
36
37
38
37
33
35
39
37
35
28
31
38
36
34
32
39
34
41
34
36
35
37
31
37
29
32
34
32
31
32
32
31
31
31
32
35
38
32
30
31
38
30
30
32
29
35
34
32
31
32
30
32
35
37
36
34
31
31
34
32
36
32
44
30
33
39
33
35
35
33
35
32
32
40
30
30
37
34
34
31
32
35
50
33
30
38
31
33
32
39
32
33
33
32
33
31
31
34
31
31
34
42
33
34
34
32
33
36
32
30
35
31
30
36
34
32
39
31
33
31
35
32
31
32
33
36
34
30
38
30
31
33
32
31
37
36
31
77
47
31
31
34
40
32
33
32
33
32
39
32
32
31
30
32
33
35
34
33
31
34
34
30
30
31
34
33
30
32
33
31
