40
72
34
35
40
39
36
40
40
35
42
33
41
38
33
38
38
48
39
38
36
40
38
33
45
32
34
33
34
38
34
41
34
37
38
36
33
39
39
40
35
41
34
37
40
40
36
35
37
34
39
34
39
39
38
41
32
32
40
38
39
31
40
40
34
32
35
36
36
31
38
41
32
43
39
42
40
37
30
42
38
41
36
35
39
41
40
42
43
39
37
42
40
32
36
39
39
31
39
40
41
41
32
38
34
38
37
36
42
31
37
36
36
32
38
39
36
31
38
36
34
36
41
33
37
36
35
34
34
45
40
40
37
39
37
36
48
32
47
32
39
31
34
41
31
42
40
40
39
42
40
40
32
33
41
42
35
38
36
143
62
47
32
37
40
37
30
39
42
38
37
43
31
37
41
38
39
32
41
33
36
34
42
34
45
36
38
43
40
37
38
39
37
31
40
37
40
40
35
41
34
35
37
33
40
39
40
35
42
38
38
32
39
41
38
39
34
39
34
41
49
40
38
34
42
39
38
72
39
32
41
36
45
39
40
35
35
38
35
37
35
38
36
36
37
39
42
33
32
41
37
36
40
39
39
37
40
40
40
40
32
41
36
35
33
37
40
32
39
37
38
38
33
41
36
42
39
32
39
40
33
41
39
40
38
40
37
39
33
38
43
33
63
34
35
34
33
33
40
37
31
32
42
38
43
43
39
43
40
44
38
37
41
39
40
40
46
40
38
33
40
38
34
37
36
36
39
34
38
41
35
42
38
39
34
39
35
40
39
38
32
34
38
37
31
43
37
38
40
30
33
36
36
37
32
34
40
36
38
40
38
31
39
33
40
38
41
36
34
37
40
38
37
39
37
33
38
31
42
44
37
37
40
38
35
37
42
34
34
41
39
34
40
37
39
37
35
37
38
32
32
37
35
43
38
34
37
40
38
35
33
36
33
37
38
36
42
39
37
36
38
38
37
35
40
39
39
39
41
38
40
37
37
38
37
39
38
42
39
38
36
40
36
42
36
39
39
39
38
33
31
48
30
38
50
38
40
38
30
36
40
38
31
30
31
34
43
38
31
41
35
39
37
43
41
36
34
37
42
38
39
38
40
37
32
31
37
38
31
40
37
37
37
38
38
36
48
35
38
36
40
33
35
35
35
41
38
31
33
38
40
40
34
38
37
40
40
37
38
38
39
39
37
37
42
38
40
38
36
35
39
33
39
40
36
34
38
41
33
40
37
45
34
39
39
41
38
40
39
39
39
38
39
40
43
42
38
38
39
41
32
40
38
32
32
32
38
40
38
38
38
33
36
40
33
41
36
32
34
41
40
35
37
35
36
38
39
34
36
35
53
46
33
32
30
31
41
34
30
35
40
38
40
37
43
35
34
38
33
35
32
32
34
32
34
35
32
38
38
38
45
35
41
38
36
36
41
34
32
32
39
37
38
35
40
36
40
37
32
40
36
39
36
39
36
39
39
40
35
36
40
37
38
35
37
33
39
40
39
32
39
37
36
37
43
37
33
35
35
35
40
39
37
39
38
46
30
33
36
39
33
45
34
45
37
39
35
35
39
36
32
38
41
38
37
41
35
37
35
42
35
37
36
39
46
35
41
40
37
37
33
39
36
38
36
39
33
33
34
37
33
40
35
43
33
36
38
41
38
37
35
46
41
35
40
39
33
41
38
41
31
38
35
40
40
36
40
33
36
44
38
34
293
34
39
30
41
37
42
39
40
34
39
37
38
36
33
37
40
37
31
35
40
33
39
41
41
36
38
37
37
40
45
48
51
34
43
38
41
34
36
43
40
41
37
41
48
35
40
37
39
35
45
41
39
38
38
40
33
31
33
33
39
36
36
44
40
36
38
40
38
37
38
35
40
38
37
32
40
33
33
38
33
42
40
42
38
39
38
41
36
41
32
40
35
38
46
39
40
39
33
40
40
38
39
37
42
38
40
41
37
36
41
39
33
46
39
38
38
40
39
39
51
33
32
32
36
34
41
49
34
33
37
39
31
43
34
34
32
40
37
40
39
36
38
35
44
32
47
37
39
38
33
35
41
39
37
39
38
37
43
32
32
38
37
37
37
38
37
39
40
39
41
32
34
41
39
41
38
40
40
41
41
35
37
36
39
33
34
39
39
37
40
42
33
36
37
36
31
37
39
38
36
37
34
32
38
37
38
39
33
32
44
38
37
41
37
44
40
32
38
32
52
34
38
39
34
43
32
33
31
38
34
39
40
40
39
39
31
40
41
43
40
34
40
38
37
42
39
40
