50
39
37
31
32
35
33
41
36
32
33
32
31
32
32
32
30
33
36
35
40
33
40
33
31
30
40
35
36
33
33
39
32
33
46
32
32
33
32
45
33
33
33
33
32
32
48
35
35
32
33
31
31
34
34
35
36
34
41
33
33
31
30
32
32
33
35
40
44
33
33
30
31
39
32
33
31
40
31
33
39
40
33
39
34
34
32
34
32
33
33
34
34
33
31
33
44
53
50
50
47
36
36
31
33
33
32
33
34
41
38
33
35
30
32
33
33
42
33
30
32
37
34
34
36
33
34
32
35
42
31
31
31
31
34
33
34
33
33
34
34
31
32
32
33
39
32
31
32
33
31
29
33
32
31
32
32
31
32
30
31
31
35
44
32
32
32
32
34
36
33
31
32
32
41
32
32
37
37
32
33
31
31
32
32
33
30
33
33
37
35
35
33
32
33
39
68
32
33
30
46
35
32
36
32
33
31
33
43
31
33
31
34
32
33
34
34
36
34
32
34
29
32
33
38
32
34
32
34
33
32
31
31
32
32
34
32
33
33
38
31
45
35
30
35
30
31
31
31
43
31
31
33
32
29
34
42
31
33
30
29
39
31
31
39
35
36
34
35
34
31
34
33
31
32
32
32
32
33
35
33
31
33
33
32
34
31
31
43
32
45
36
36
43
31
31
33
33
32
32
36
35
34
33
33
35
30
30
32
35
33
32
31
31
32
32
31
32
33
32
35
42
29
36
32
31
38
32
31
49
35
36
30
38
32
40
31
31
32
32
32
31
36
34
34
34
32
33
30
34
31
33
31
71
32
36
32
38
32
35
34
32
46
38
32
52
32
34
32
34
248
34
47
35
32
45
44
30
33
38
31
32
33
31
38
53
32
33
32
30
31
35
31
33
61
34
40
34
33
31
34
31
32
36
33
33
35
29
36
33
31
31
32
33
37
33
33
33
31
31
35
34
39
32
38
33
34
41
37
39
32
33
40
39
33
33
30
34
35
31
33
33
38
33
31
33
40
32
33
31
34
34
34
34
32
31
33
31
35
32
32
32
35
33
33
31
31
33
32
32
33
38
32
38
33
32
30
34
35
32
45
38
33
30
32
32
37
32
33
32
30
33
33
33
31
32
31
33
34
31
31
32
32
34
34
32
32
33
32
30
31
31
31
31
30
31
30
31
32
29
42
30
33
33
29
32
45
32
31
43
33
34
34
33
43
31
35
35
32
33
32
32
34
32
37
41
32
32
32
32
31
31
39
30
32
33
39
31
33
33
38
34
34
31
30
31
33
33
33
31
32
32
32
32
32
32
36
35
31
32
35
33
32
36
41
30
40
36
40
34
32
30
33
32
30
30
35
39
37
32
32
32
32
31
31
31
30
31
34
31
31
31
33
29
35
47
33
33
30
34
32
33
32
32
33
34
31
32
32
30
31
32
32
33
31
32
33
30
35
33
32
35
35
35
33
34
34
32
33
32
34
32
30
33
33
30
31
31
33
31
32
36
33
32
31
32
34
31
34
43
32
34
37
33
32
38
31
31
31
31
37
35
33
30
33
30
39
32
33
30
32
31
30
33
33
30
31
30
32
31
41
32
35
33
34
38
38
33
31
33
35
33
37
31
31
43
30
38
37
30
30
30
31
39
30
36
33
33
36
35
34
34
32
38
32
31
32
32
33
32
39
32
32
32
31
33
33
31
33
40
33
34
35
32
33
52
37
36
35
31
32
33
34
33
31
34
33
34
32
31
31
32
32
34
30
32
34
33
31
35
32
32
33
33
38
35
32
35
33
35
30
30
33
32
31
30
31
30
30
38
30
33
31
30
32
30
37
31
30
32
31
32
33
31
34
45
32
33
34
30
32
45
33
30
31
32
32
31
32
33
34
31
43
34
34
33
32
33
30
30
33
35
37
33
30
33
31
35
33
37
31
40
32
33
34
31
31
39
31
34
34
32
32
33
31
33
34
33
36
33
35
37
32
37
32
33
34
33
42
33
39
32
30
32
36
32
33
30
32
37
32
38
32
30
36
36
35
33
35
31
44
39
31
35
37
37
33
30
32
32
41
34
35
42
35
33
30
33
33
31
34
31
35
37
38
34
32
33
32
31
33
31
33
32
32
32
34
29
29
33
30
30
30
32
32
32
31
31
35
33
32
31
33
31
35
32
30
31
32
35
31
32
29
38
38
31
31
30
32
38
31
30
32
39
31
48
49
33
39
32
31
32
29
32
35
35
37
33
33
31
31
32
35
30
29
35
40
31
32
31
