34
44
34
32
31
33
34
32
30
30
32
31
31
32
32
34
31
31
31
33
33
35
32
31
32
32
32
33
38
34
34
39
33
32
33
36
36
32
30
32
33
30
30
33
32
32
30
31
36
47
32
34
33
35
35
34
33
32
33
32
34
32
31
35
33
32
30
34
34
31
32
31
32
33
31
33
38
37
40
36
32
36
34
33
31
33
33
32
32
32
32
35
31
33
32
34
34
31
32
32
34
34
31
34
32
34
33
39
34
34
34
33
31
33
39
32
32
33
30
37
34
30
35
35
31
41
31
50
33
31
32
32
33
39
43
32
34
31
31
32
30
31
31
42
33
31
52
33
34
34
32
41
32
29
33
30
32
30
37
35
36
34
33
32
34
34
34
32
40
32
52
36
34
32
33
34
35
32
33
32
32
34
31
33
33
36
33
34
35
39
31
32
31
32
33
33
32
32
31
37
32
30
32
34
34
34
32
33
32
32
31
32
33
38
38
38
33
33
34
33
32
32
32
34
32
33
32
33
32
32
34
35
33
32
32
30
33
33
34
30
32
35
32
39
31
34
34
33
30
31
32
32
32
32
33
33
33
33
32
40
32
33
32
33
34
34
32
31
30
35
36
35
34
32
32
32
30
32
34
30
30
32
35
29
31
34
38
31
31
30
32
36
32
34
30
33
33
33
33
32
33
35
32
31
32
38
33
39
31
31
31
30
31
31
32
33
30
32
31
32
31
39
35
34
32
33
32
35
32
35
33
32
31
52
42
38
35
34
32
33
31
34
33
33
31
32
34
33
36
37
34
35
34
33
33
33
33
35
33
32
37
33
32
33
32
33
33
33
33
31
30
35
33
31
32
33
33
35
36
40
35
32
33
30
32
35
32
32
31
31
31
34
32
30
31
34
35
30
32
33
30
31
32
33
33
34
40
42
33
32
33
30
31
32
31
32
32
30
31
30
30
30
31
30
31
32
31
35
31
31
36
35
33
34
34
33
30
33
38
31
31
43
33
33
31
35
31
31
31
32
34
32
33
32
38
61
34
33
36
32
34
43
32
36
33
32
31
32
33
32
34
33
33
31
39
32
32
30
33
31
32
31
34
33
34
34
33
33
31
30
30
35
220
43
45
31
30
31
32
33
33
32
40
32
31
31
31
40
30
33
34
34
36
32
33
30
32
32
29
32
33
32
33
31
30
37
31
32
31
33
31
37
32
32
36
35
34
35
45
30
34
34
33
32
35
34
34
34
33
38
35
35
31
32
33
33
34
31
39
42
35
34
32
31
32
31
34
34
34
31
33
33
30
34
33
33
30
32
39
34
30
34
32
32
32
33
32
35
36
35
30
33
33
40
32
31
40
47
35
37
37
33
33
33
39
30
34
33
31
32
32
32
32
33
33
34
33
33
31
32
29
30
31
32
31
41
30
35
32
34
31
32
46
31
31
31
30
34
38
41
33
35
34
39
34
33
31
30
33
36
31
33
32
33
32
31
37
35
31
34
37
31
39
33
34
30
34
34
42
37
31
32
32
29
33
35
38
38
33
37
32
32
39
34
31
32
33
32
31
34
34
34
30
35
32
34
33
33
32
34
34
32
33
31
32
33
31
32
32
32
33
31
33
48
31
34
33
35
39
31
35
41
33
34
42
37
33
32
39
31
30
38
33
31
32
33
31
37
31
39
32
32
31
32
30
31
34
31
31
33
31
33
31
35
33
32
37
34
38
31
31
32
32
32
30
31
32
30
31
32
41
32
31
32
32
40
33
31
31
32
31
36
37
32
33
33
31
31
31
33
32
35
31
33
31
33
32
31
33
32
32
32
32
33
31
34
34
33
32
37
33
41
47
29
32
33
43
32
38
35
32
30
31
35
32
31
32
33
32
32
34
31
34
34
31
34
31
31
38
32
34
44
38
32
32
31
32
30
30
42
31
32
44
31
32
30
33
32
30
32
32
35
34
33
41
32
31
32
31
30
32
34
31
36
35
32
30
32
34
32
31
33
30
32
34
32
31
32
34
35
32
33
33
32
32
34
31
31
39
34
31
30
33
30
32
32
32
32
31
31
32
32
34
32
32
34
32
34
33
49
31
32
33
33
36
31
31
33
32
40
39
36
36
33
32
32
32
32
33
32
37
33
36
30
34
36
32
30
31
30
30
33
34
32
30
30
40
35
61
33
31
32
32
33
31
32
32
40
31
38
34
35
33
33
36
35
30
34
35
34
38
32
33
33
31
33
34
32
34
32
34
32
34
36
32
32
31
35
34
35
