34
33
41
36
73
39
34
36
37
33
44
33
36
48
35
34
33
34
37
36
35
35
33
37
37
33
33
35
40
34
37
34
37
35
34
35
35
42
37
35
36
40
32
38
34
35
35
34
34
35
33
33
48
34
35
35
37
34
34
33
32
37
35
33
33
35
37
35
37
33
47
36
34
32
35
34
34
31
34
44
32
33
42
33
33
35
34
35
34
36
33
36
32
35
33
35
34
35
41
34
35
45
35
35
35
35
35
38
48
34
35
36
35
34
35
35
35
35
32
33
33
34
38
50
34
36
35
35
34
33
36
34
36
38
34
36
39
34
35
35
34
34
36
42
35
36
32
34
39
36
34
35
37
34
34
34
34
47
33
34
35
35
36
34
35
36
35
40
33
42
36
34
35
36
39
34
33
39
44
35
34
35
35
33
33
44
32
37
35
35
36
33
35
34
35
37
34
35
34
33
34
38
43
33
32
34
35
34
35
34
41
34
34
33
44
35
34
35
34
32
52
34
34
35
33
34
34
35
35
32
43
37
37
36
36
34
36
35
43
33
35
34
37
37
34
34
34
36
34
36
53
39
40
33
35
35
38
32
34
35
33
35
34
33
35
36
35
35
35
36
35
39
34
34
33
34
34
37
34
34
41
33
36
37
33
36
34
35
35
35
35
34
32
34
32
33
32
40
34
36
34
33
40
41
35
34
35
38
39
35
34
36
35
34
33
39
36
37
35
35
33
33
33
45
35
35
39
35
37
36
33
35
35
35
33
32
33
34
33
36
34
35
33
42
33
32
36
33
40
33
32
34
34
34
35
35
36
34
33
34
34
35
34
35
34
35
33
34
32
35
35
35
35
36
34
35
33
36
32
40
34
32
35
34
34
40
33
38
37
34
34
48
38
37
32
41
35
34
35
35
35
36
34
37
36
42
37
35
36
34
99
36
32
36
35
41
44
36
42
36
36
36
44
34
35
35
35
49
34
40
46
35
38
34
33
36
35
38
41
39
35
32
34
35
33
34
34
36
35
32
34
34
33
36
33
35
34
35
32
34
35
36
32
35
33
36
41
33
34
34
33
31
35
34
34
34
33
34
34
41
34
39
37
35
34
38
35
33
39
34
34
35
33
35
35
32
39
33
35
33
35
33
33
34
35
33
35
34
39
41
36
36
35
45
33
45
33
34
34
34
34
35
35
38
38
37
35
35
35
39
36
34
35
37
36
34
35
48
33
34
33
33
40
40
45
36
36
34
33
34
40
33
36
33
37
35
35
36
35
34
40
35
37
34
69
36
33
34
37
34
37
40
45
32
36
34
36
35
42
34
35
34
36
35
34
33
34
34
33
33
36
34
33
34
33
34
46
49
36
35
33
35
34
42
35
36
34
36
32
33
35
31
35
37
32
35
33
33
34
35
33
34
35
34
35
37
32
34
36
37
34
38
42
35
37
34
35
32
36
41
33
33
45
35
38
61
35
38
34
35
35
46
34
33
42
32
48
34
36
33
35
31
38
34
33
33
33
32
34
34
35
39
37
34
41
40
36
33
34
35
40
31
33
33
33
37
35
33
34
35
31
35
33
36
38
33
32
35
35
35
34
36
40
42
36
34
36
34
35
36
52
34
33
34
33
35
35
34
38
33
34
34
34
33
35
36
34
33
33
34
36
34
38
34
39
40
34
36
39
33
39
36
35
33
35
33
34
37
36
33
32
33
44
33
42
33
48
33
33
33
55
38
39
33
34
35
35
36
33
34
36
34
34
34
34
35
35
33
34
34
35
33
39
35
33
36
32
36
34
32
35
34
40
52
35
37
35
35
35
34
33
35
34
34
32
32
38
33
47
36
35
34
34
32
34
34
33
32
32
34
48
35
33
35
37
42
46
36
33
35
34
41
37
32
32
33
34
36
34
35
32
33
37
33
37
34
35
33
34
32
33
35
34
38
36
34
35
41
35
32
34
37
34
34
32
36
32
34
36
34
38
33
33
35
48
33
35
37
33
36
32
36
36
36
34
33
42
35
32
34
34
33
34
34
34
34
33
33
34
33
33
33
40
34
37
38
33
33
35
34
34
34
34
42
35
33
46
38
34
35
40
35
33
36
34
31
34
36
34
34
39
31
33
33
33
33
37
35
33
37
33
33
33
36
35
37
33
36
33
35
33
33
34
34
34
33
31
33
34
31
34
32
36
36
35
33
35
35
36
34
33
35
33
39
35
36
34
34
35
36
35
32
36
35
33
33
34
37
34
33
33
34
32
35
32
32
36
33
36
35
